 ==================================================================
              SRIM version ---> SRIM-2013.00
              Calc. date   ---> xuño 11, 2024 
 ==================================================================

 Disk File Name = SRIM Outputs\10Li_mixture_900mbar.txt

 Ion = Hydrogen [1] , Mass = 10,03548 amu

 Target Density =  2,4760E-04 g/cm3 = 5,7813E+19 atoms/cm3
 Target is a GAS 
 ======= Target  Composition ========
    Atom   Atom   Atomic    Mass     
    Name   Numb   Percent   Percent  
    ----   ----   -------   -------  
      H      1    019,23    010,45   
      C      6    007,69    049,82   
      H      1    073,08    039,73   
 ====================================
 Bragg Correction = -0,91%
 Stopping Units =  MeV / mm       
 See bottom of Table for other Stopping units 

        Ion        dE/dx      dE/dx     Projected  Longitudinal   Lateral
       Energy      Elec.      Nuclear     Range     Straggling   Straggling
  --------------  ---------- ---------- ----------  ----------  ----------
999,999 eV    2,526E-03  5,912E-03  101,57 um    25,23 um    18,81 um  
   1,10 keV   2,650E-03  5,714E-03  112,28 um    27,49 um    20,57 um  
   1,20 keV   2,767E-03  5,532E-03  123,11 um    29,74 um    22,33 um  
   1,30 keV   2,880E-03  5,363E-03  134,04 um    31,95 um    24,10 um  
   1,40 keV   2,989E-03  5,205E-03  145,07 um    34,15 um    25,88 um  
   1,50 keV   3,094E-03  5,058E-03  156,18 um    36,31 um    27,65 um  
   1,60 keV   3,195E-03  4,921E-03  167,36 um    38,44 um    29,43 um  
   1,70 keV   3,294E-03  4,793E-03  178,61 um    40,55 um    31,21 um  
   1,80 keV   3,389E-03  4,672E-03  189,91 um    42,63 um    32,98 um  
   2,00 keV   3,573E-03  4,451E-03  212,67 um    46,75 um    36,54 um  
   2,25 keV   3,789E-03  4,207E-03  241,34 um    51,75 um    40,96 um  
   2,50 keV   3,994E-03  3,993E-03  270,16 um    56,57 um    45,36 um  
   2,75 keV   4,189E-03  3,803E-03  299,07 um    61,21 um    49,71 um  
   3,00 keV   4,376E-03  3,634E-03  328,01 um    65,69 um    54,02 um  
   3,25 keV   4,554E-03  3,481E-03  356,96 um    70,00 um    58,27 um  
   3,50 keV   4,726E-03  3,343E-03  385,86 um    74,16 um    62,46 um  
   3,75 keV   4,892E-03  3,217E-03  414,69 um    78,17 um    66,59 um  
   4,00 keV   5,052E-03  3,102E-03  443,43 um    82,04 um    70,66 um  
   4,50 keV   5,359E-03  2,898E-03  500,57 um    89,55 um    78,60 um  
   5,00 keV   5,649E-03  2,723E-03  557,15 um    96,54 um    86,27 um  
   5,50 keV   5,925E-03  2,571E-03  613,10 um   103,08 um    93,67 um  
   6,00 keV   6,188E-03  2,438E-03  668,37 um   109,21 um   100,80 um  
   6,50 keV   6,441E-03  2,319E-03  722,94 um   114,97 um   107,68 um  
   7,00 keV   6,684E-03  2,214E-03  776,79 um   120,40 um   114,31 um  
   8,00 keV   7,145E-03  2,032E-03  882,37 um   130,73 um   126,89 um  
   9,00 keV   7,579E-03  1,881E-03  985,12 um   139,97 um   138,62 um  
  10,00 keV   7,989E-03  1,754E-03    1,09 mm   148,31 um   149,56 um  
  11,00 keV   8,379E-03  1,645E-03    1,18 mm   155,87 um   159,81 um  
  12,00 keV   8,751E-03  1,550E-03    1,28 mm   162,77 um   169,43 um  
  13,00 keV   9,108E-03  1,467E-03    1,37 mm   169,11 um   178,48 um  
  14,00 keV   9,452E-03  1,393E-03    1,46 mm   174,95 um   187,01 um  
  15,00 keV   9,784E-03  1,328E-03    1,55 mm   180,36 um   195,08 um  
  16,00 keV   1,010E-02  1,269E-03    1,64 mm   185,38 um   202,72 um  
  17,00 keV   1,042E-02  1,215E-03    1,72 mm   190,07 um   209,98 um  
  18,00 keV   1,072E-02  1,166E-03    1,80 mm   194,45 um   216,87 um  
  20,00 keV   1,130E-02  1,081E-03    1,96 mm   203,03 um   229,71 um  
  22,50 keV   1,196E-02  9,922E-04    2,16 mm   212,75 um   244,22 um  
  25,00 keV   1,258E-02  9,182E-04    2,34 mm   221,25 um   257,31 um  
  27,50 keV   1,318E-02  8,556E-04    2,52 mm   228,77 um   269,20 um  
  30,00 keV   1,374E-02  8,017E-04    2,69 mm   235,49 um   280,09 um  
  32,50 keV   1,428E-02  7,548E-04    2,86 mm   241,55 um   290,10 um  
  35,00 keV   1,480E-02  7,137E-04    3,02 mm   247,05 um   299,37 um  
  37,50 keV   1,530E-02  6,772E-04    3,18 mm   252,07 um   307,98 um  
  40,00 keV   1,578E-02  6,446E-04    3,33 mm   256,69 um   316,01 um  
  45,00 keV   1,669E-02  5,888E-04    3,62 mm   266,48 um   330,59 um  
  50,00 keV   1,755E-02  5,426E-04    3,90 mm   274,95 um   343,53 um  
  55,00 keV   1,837E-02  5,038E-04    4,17 mm   282,39 um   355,13 um  
  60,00 keV   1,914E-02  4,706E-04    4,43 mm   289,00 um   365,63 um  
  65,00 keV   1,987E-02  4,418E-04    4,68 mm   294,94 um   375,20 um  
  70,00 keV   2,057E-02  4,167E-04    4,92 mm   300,31 um   383,98 um  
  80,00 keV   2,188E-02  3,747E-04    5,38 mm   313,06 um   399,58 um  
  90,00 keV   2,309E-02  3,410E-04    5,81 mm   323,88 um   413,11 um  
 100,00 keV   2,422E-02  3,133E-04    6,23 mm   333,27 um   425,02 um  
 110,00 keV   2,527E-02  2,900E-04    6,63 mm   341,55 um   435,64 um  
 120,00 keV   2,625E-02  2,703E-04    7,01 mm   348,94 um   445,21 um  
 130,00 keV   2,717E-02  2,532E-04    7,38 mm   355,62 um   453,91 um  
 140,00 keV   2,803E-02  2,383E-04    7,74 mm   361,71 um   461,87 um  
 150,00 keV   2,885E-02  2,252E-04    8,08 mm   367,30 um   469,21 um  
 160,00 keV   2,961E-02  2,136E-04    8,42 mm   372,48 um   476,01 um  
 170,00 keV   3,034E-02  2,032E-04    8,75 mm   377,31 um   482,35 um  
 180,00 keV   3,102E-02  1,938E-04    9,08 mm   381,82 um   488,29 um  
 200,00 keV   3,227E-02  1,776E-04    9,70 mm   395,06 um   499,13 um  
 225,00 keV   3,365E-02  1,611E-04   10,46 mm   412,42 um   511,13 um  
 250,00 keV   3,485E-02  1,475E-04   11,18 mm   427,77 um   521,78 um  
 275,00 keV   3,588E-02  1,362E-04   11,88 mm   441,61 um   531,37 um  
 300,00 keV   3,677E-02  1,266E-04   12,57 mm   454,26 um   540,12 um  
 325,00 keV   3,754E-02  1,184E-04   13,24 mm   465,98 um   548,18 um  
 350,00 keV   3,819E-02  1,112E-04   13,90 mm   476,94 um   555,67 um  
 375,00 keV   3,874E-02  1,049E-04   14,54 mm   487,28 um   562,68 um  
 400,00 keV   3,920E-02  9,930E-05   15,18 mm   497,11 um   569,30 um  
 450,00 keV   3,988E-02  8,984E-05   16,44 mm   530,73 um   581,55 um  
 500,00 keV   4,029E-02  8,213E-05   17,69 mm   561,43 um   592,79 um  
 550,00 keV   4,048E-02  7,571E-05   18,92 mm   590,04 um   603,26 um  
 600,00 keV   4,048E-02  7,028E-05   20,15 mm   617,15 um   613,15 um  
 650,00 keV   4,034E-02  6,561E-05   21,39 mm   643,14 um   622,58 um  
 700,00 keV   4,008E-02  6,157E-05   22,63 mm   668,33 um   631,66 um  
 800,00 keV   3,928E-02  5,488E-05   25,14 mm   760,01 um   649,10 um  
 900,00 keV   3,825E-02  4,957E-05   27,72 mm   845,40 um   665,92 um  
   1,00 MeV   3,708E-02  4,525E-05   30,37 mm   927,26 um   682,45 um  
   1,10 MeV   3,584E-02  4,165E-05   33,11 mm     1,01 mm   698,91 um  
   1,20 MeV   3,459E-02  3,862E-05   35,95 mm     1,09 mm   715,49 um  
   1,30 MeV   3,335E-02  3,602E-05   38,89 mm     1,17 mm   732,31 um  
   1,40 MeV   3,215E-02  3,376E-05   41,94 mm     1,25 mm   749,48 um  
   1,50 MeV   3,100E-02  3,179E-05   45,10 mm     1,33 mm   767,08 um  
   1,60 MeV   2,990E-02  3,005E-05   48,39 mm     1,41 mm   785,19 um  
   1,70 MeV   2,886E-02  2,849E-05   51,79 mm     1,49 mm   803,86 um  
   1,80 MeV   2,788E-02  2,710E-05   55,31 mm     1,57 mm   823,14 um  
   2,00 MeV   2,609E-02  2,471E-05   62,72 mm     1,89 mm   863,70 um  
   2,25 MeV   2,414E-02  2,228E-05   72,67 mm     2,36 mm   918,46 um  
   2,50 MeV   2,246E-02  2,030E-05   83,41 mm     2,81 mm   978,04 um  
   2,75 MeV   2,101E-02  1,866E-05   94,91 mm     3,26 mm     1,04 mm  
   3,00 MeV   1,975E-02  1,728E-05  107,18 mm     3,69 mm     1,11 mm  
   3,25 MeV   1,865E-02  1,610E-05  120,19 mm     4,13 mm     1,19 mm  
   3,50 MeV   1,768E-02  1,508E-05  133,96 mm     4,57 mm     1,27 mm  
   3,75 MeV   1,681E-02  1,418E-05  148,45 mm     5,02 mm     1,35 mm  
   4,00 MeV   1,604E-02  1,339E-05  163,66 mm     5,46 mm     1,44 mm  
   4,50 MeV   1,472E-02  1,206E-05  196,19 mm     7,15 mm     1,64 mm  
   5,00 MeV   1,363E-02  1,098E-05  231,48 mm     8,73 mm     1,85 mm  
   5,50 MeV   1,270E-02  1,009E-05  269,46 mm    10,27 mm     2,08 mm  
   6,00 MeV   1,192E-02  9,334E-06  310,09 mm    11,78 mm     2,33 mm  
   6,50 MeV   1,123E-02  8,690E-06  353,29 mm    13,28 mm     2,60 mm  
   7,00 MeV   1,063E-02  8,132E-06  399,02 mm    14,78 mm     2,88 mm  
   8,00 MeV   9,626E-03  7,216E-06  497,84 mm    20,37 mm     3,48 mm  
   9,00 MeV   8,813E-03  6,492E-06  606,37 mm    25,53 mm     4,15 mm  
  10,00 MeV   8,139E-03  5,906E-06  724,40 mm    30,53 mm     4,87 mm  
  11,00 MeV   7,584E-03  5,421E-06  851,63 mm    35,47 mm     5,65 mm  
  12,00 MeV   7,033E-03  5,013E-06  988,51 mm    40,44 mm     6,48 mm  
  13,00 MeV   6,605E-03  4,664E-06    1,14 m     45,48 mm     7,36 mm  
  14,00 MeV   6,233E-03  4,362E-06    1,29 m     50,57 mm     8,30 mm  
  15,00 MeV   5,905E-03  4,099E-06    1,46 m     55,72 mm     9,29 mm  
  16,00 MeV   5,613E-03  3,867E-06    1,63 m     60,93 mm    10,33 mm  
  17,00 MeV   5,352E-03  3,661E-06    1,81 m     66,21 mm    11,42 mm  
  18,00 MeV   5,116E-03  3,476E-06    2,00 m     71,55 mm    12,56 mm  
  20,00 MeV   4,708E-03  3,160E-06    2,41 m     91,96 mm    14,98 mm  
  22,50 MeV   4,288E-03  2,840E-06    2,97 m    121,14 mm    18,27 mm  
  25,00 MeV   3,943E-03  2,581E-06    3,57 m    148,66 mm    21,84 mm  
  27,50 MeV   3,654E-03  2,367E-06    4,23 m    175,54 mm    25,69 mm  
  30,00 MeV   3,408E-03  2,187E-06    4,94 m    202,24 mm    29,82 mm  
  32,50 MeV   3,195E-03  2,034E-06    5,70 m    228,99 mm    34,21 mm  
  35,00 MeV   3,010E-03  1,901E-06    6,50 m    255,94 mm    38,86 mm  
  37,50 MeV   2,846E-03  1,786E-06    7,36 m    283,16 mm    43,78 mm  
  40,00 MeV   2,701E-03  1,684E-06    8,26 m    310,70 mm    48,95 mm  
  45,00 MeV   2,454E-03  1,512E-06   10,20 m    415,06 mm    60,05 mm  
  50,00 MeV   2,251E-03  1,373E-06   12,33 m    512,99 mm    72,15 mm  
  55,00 MeV   2,082E-03  1,259E-06   14,64 m    608,53 mm    85,23 mm  
  60,00 MeV   1,938E-03  1,163E-06   17,13 m    703,42 mm    99,26 mm  
  65,00 MeV   1,814E-03  1,081E-06   19,79 m    798,55 mm   114,24 mm  
  70,00 MeV   1,706E-03  1,010E-06   22,63 m    894,43 mm   130,14 mm  
  80,00 MeV   1,527E-03  8,935E-07   28,83 m      1,25 m    164,71 mm  
  90,00 MeV   1,385E-03  8,020E-07   35,70 m      1,59 m    202,87 mm  
 100,00 MeV   1,269E-03  7,281E-07   43,24 m      1,91 m    244,53 mm  
 110,00 MeV   1,172E-03  6,670E-07   51,44 m      2,24 m    289,64 mm  
 120,00 MeV   1,090E-03  6,158E-07   60,29 m      2,57 m    338,13 mm  
 130,00 MeV   1,020E-03  5,721E-07   69,77 m      2,90 m    389,95 mm  
 140,00 MeV   9,584E-04  5,344E-07   79,89 m      3,23 m    445,03 mm  
 150,00 MeV   9,047E-04  5,015E-07   90,62 m      3,57 m    503,35 mm  
 160,00 MeV   8,572E-04  4,725E-07  101,98 m      3,92 m    564,85 mm  
 170,00 MeV   8,149E-04  4,469E-07  113,94 m      4,27 m    629,48 mm  
 180,00 MeV   7,769E-04  4,239E-07  126,50 m      4,63 m    697,22 mm  
 200,00 MeV   7,115E-04  3,847E-07  153,40 m      5,99 m    841,93 mm  
 225,00 MeV   6,450E-04  3,451E-07  190,30 m      7,95 m      1,04 m   
 250,00 MeV   5,908E-04  3,131E-07  230,80 m      9,81 m      1,26 m   
 275,00 MeV   5,458E-04  2,867E-07  274,82 m     11,62 m      1,49 m   
 300,00 MeV   5,078E-04  2,645E-07  322,30 m     13,43 m      1,74 m   
 325,00 MeV   4,753E-04  2,456E-07  373,17 m     15,24 m      2,01 m   
 350,00 MeV   4,471E-04  2,293E-07  427,39 m     17,07 m      2,29 m   
 375,00 MeV   4,224E-04  2,152E-07  484,91 m     18,91 m      2,60 m   
 400,00 MeV   4,007E-04  2,027E-07  545,66 m     20,78 m      2,91 m   
 450,00 MeV   3,639E-04  1,817E-07  676,60 m     27,85 m      3,59 m   
 500,00 MeV   3,341E-04  1,648E-07  820,00 m     34,47 m      4,34 m   
 550,00 MeV   3,093E-04  1,508E-07  975,53 m     40,91 m      5,14 m   
 600,00 MeV   2,885E-04  1,391E-07    1,14 km    47,28 m      6,00 m   
 650,00 MeV   2,707E-04  1,292E-07    1,32 km    53,65 m      6,91 m   
 700,00 MeV   2,553E-04  1,206E-07    1,51 km    60,03 m      7,88 m   
 800,00 MeV   2,299E-04  1,065E-07    1,92 km    83,79 m      9,97 m   
 900,00 MeV   2,099E-04  9,544E-08    2,38 km   105,71 m     12,25 m   
   1,00 GeV   1,938E-04  8,652E-08    2,88 km   126,90 m     14,72 m   
-----------------------------------------------------------
 Multiply Stopping by        for Stopping Units
 -------------------        ------------------
  1,0000E-01                 eV / Angstrom 
  1,0000E+00                keV / micron   
  1,0000E+00                MeV / mm       
  4,0389E+01                keV / (ug/cm2) 
  4,0389E+01                MeV / (mg/cm2) 
  4,0389E+04                keV / (mg/cm2) 
  1,7297E+02                 eV / (1E15 atoms/cm2)
  2,7790E+01                L.S.S. reduced units
 ==================================================================
 (C) 1984,1989,1992,1998,2008 by J.P. Biersack and J.F. Ziegler
