 ==================================================================
              SRIM version ---> SRIM-2013.00
              Calc. date   ---> xullo 02, 2024 
 ==================================================================

 Disk File Name = SRIM Outputs\11Li_mixture_900mbar.txt

 Ion = Lithium [3] , Mass = 11,04372 amu

 Target Density =  2,4760E-04 g/cm3 = 5,7568E+19 atoms/cm3
 Target is a GAS 
 ======= Target  Composition ========
    Atom   Atom   Atomic    Mass     
    Name   Numb   Percent   Percent  
    ----   ----   -------   -------  
      H      1    019,23    010,45   
      C      6    007,69    049,82   
      H      1    073,08    039,73   
 ====================================
 Bragg Correction = 3,72%
 Stopping Units =  MeV / mm       
 See bottom of Table for other Stopping units 

        Ion        dE/dx      dE/dx     Projected  Longitudinal   Lateral
       Energy      Elec.      Nuclear     Range     Straggling   Straggling
  --------------  ---------- ---------- ----------  ----------  ----------
999,999 eV    2,535E-03  2,118E-02   40,32 um    11,32 um     8,51 um  
   1,10 keV   2,659E-03  2,096E-02   44,01 um    12,25 um     9,19 um  
   1,20 keV   2,777E-03  2,074E-02   47,71 um    13,19 um     9,86 um  
   1,30 keV   2,890E-03  2,051E-02   51,45 um    14,12 um    10,54 um  
   1,40 keV   3,000E-03  2,027E-02   55,21 um    15,05 um    11,21 um  
   1,50 keV   3,105E-03  2,004E-02   58,99 um    15,98 um    11,88 um  
   1,60 keV   3,207E-03  1,981E-02   62,81 um    16,91 um    12,55 um  
   1,70 keV   3,305E-03  1,957E-02   66,65 um    17,84 um    13,22 um  
   1,80 keV   3,401E-03  1,935E-02   70,52 um    18,77 um    13,89 um  
   2,00 keV   3,585E-03  1,890E-02   78,35 um    20,65 um    15,24 um  
   2,25 keV   3,803E-03  1,837E-02   88,29 um    23,00 um    16,93 um  
   2,50 keV   4,008E-03  1,787E-02   98,40 um    25,34 um    18,64 um  
   2,75 keV   4,204E-03  1,739E-02  108,67 um    27,69 um    20,35 um  
   3,00 keV   4,391E-03  1,694E-02  119,09 um    30,04 um    22,07 um  
   3,25 keV   4,570E-03  1,652E-02  129,66 um    32,39 um    23,81 um  
   3,50 keV   4,743E-03  1,612E-02  140,37 um    34,74 um    25,56 um  
   3,75 keV   4,909E-03  1,574E-02  151,21 um    37,08 um    27,32 um  
   4,00 keV   5,070E-03  1,538E-02  162,18 um    39,41 um    29,09 um  
   4,50 keV   5,378E-03  1,472E-02  184,48 um    44,11 um    32,67 um  
   5,00 keV   5,668E-03  1,412E-02  207,20 um    48,77 um    36,30 um  
   5,50 keV   5,945E-03  1,358E-02  230,32 um    53,40 um    39,96 um  
   6,00 keV   6,209E-03  1,308E-02  253,79 um    57,98 um    43,66 um  
   6,50 keV   6,463E-03  1,262E-02  277,57 um    62,52 um    47,39 um  
   7,00 keV   6,707E-03  1,221E-02  301,63 um    67,01 um    51,15 um  
   8,00 keV   7,170E-03  1,146E-02  350,49 um    75,96 um    58,73 um  
   9,00 keV   7,605E-03  1,082E-02  400,15 um    84,68 um    66,36 um  
  10,00 keV   8,016E-03  1,025E-02  450,45 um    93,16 um    74,01 um  
  11,00 keV   8,408E-03  9,753E-03  501,23 um   101,41 um    81,66 um  
  12,00 keV   8,781E-03  9,309E-03  552,39 um   109,43 um    89,30 um  
  13,00 keV   9,140E-03  8,909E-03  603,81 um   117,22 um    96,89 um  
  14,00 keV   9,485E-03  8,548E-03  655,43 um   124,79 um   104,44 um  
  15,00 keV   9,818E-03  8,220E-03  707,16 um   132,14 um   111,92 um  
  16,00 keV   1,014E-02  7,920E-03  758,94 um   139,28 um   119,34 um  
  17,00 keV   1,045E-02  7,644E-03  810,74 um   146,22 um   126,67 um  
  18,00 keV   1,075E-02  7,390E-03  862,50 um   152,96 um   133,93 um  
  20,00 keV   1,134E-02  6,936E-03  965,78 um   166,14 um   148,18 um  
  22,50 keV   1,203E-02  6,452E-03    1,09 mm   181,72 um   165,48 um  
  25,00 keV   1,271E-02  6,040E-03    1,22 mm   196,21 um   182,16 um  
  27,50 keV   1,337E-02  5,685E-03    1,35 mm   209,69 um   198,22 um  
  30,00 keV   1,400E-02  5,374E-03    1,47 mm   222,27 um   213,66 um  
  32,50 keV   1,462E-02  5,100E-03    1,59 mm   234,03 um   228,49 um  
  35,00 keV   1,522E-02  4,855E-03    1,71 mm   245,04 um   242,73 um  
  37,50 keV   1,581E-02  4,637E-03    1,83 mm   255,38 um   256,41 um  
  40,00 keV   1,638E-02  4,439E-03    1,95 mm   265,10 um   269,55 um  
  45,00 keV   1,750E-02  4,096E-03    2,17 mm   283,69 um   294,32 um  
  50,00 keV   1,858E-02  3,808E-03    2,39 mm   300,23 um   317,23 um  
  55,00 keV   1,962E-02  3,563E-03    2,61 mm   315,04 um   338,46 um  
  60,00 keV   2,064E-02  3,350E-03    2,81 mm   328,39 um   358,17 um  
  65,00 keV   2,164E-02  3,164E-03    3,01 mm   340,48 um   376,53 um  
  70,00 keV   2,261E-02  3,000E-03    3,20 mm   351,49 um   393,66 um  
  80,00 keV   2,451E-02  2,723E-03    3,57 mm   372,49 um   424,70 um  
  90,00 keV   2,635E-02  2,497E-03    3,92 mm   390,23 um   452,09 um  
 100,00 keV   2,813E-02  2,310E-03    4,25 mm   405,44 um   476,44 um  
 110,00 keV   2,987E-02  2,151E-03    4,57 mm   418,62 um   498,24 um  
 120,00 keV   3,157E-02  2,015E-03    4,86 mm   430,17 um   517,88 um  
 130,00 keV   3,323E-02  1,896E-03    5,15 mm   440,37 um   535,68 um  
 140,00 keV   3,486E-02  1,792E-03    5,43 mm   449,45 um   551,90 um  
 150,00 keV   3,645E-02  1,700E-03    5,69 mm   457,60 um   566,74 um  
 160,00 keV   3,802E-02  1,617E-03    5,94 mm   464,95 um   580,38 um  
 170,00 keV   3,956E-02  1,543E-03    6,19 mm   471,61 um   592,97 um  
 180,00 keV   4,107E-02  1,477E-03    6,42 mm   477,68 um   604,62 um  
 200,00 keV   4,405E-02  1,360E-03    6,87 mm   490,37 um   625,53 um  
 225,00 keV   4,769E-02  1,240E-03    7,40 mm   504,67 um   647,97 um  
 250,00 keV   5,127E-02  1,141E-03    7,89 mm   516,56 um   667,16 um  
 275,00 keV   5,481E-02  1,058E-03    8,35 mm   526,61 um   683,78 um  
 300,00 keV   5,832E-02  9,872E-04    8,78 mm   535,21 um   698,30 um  
 325,00 keV   6,180E-02  9,260E-04    9,19 mm   542,66 um   711,10 um  
 350,00 keV   6,525E-02  8,724E-04    9,57 mm   549,17 um   722,47 um  
 375,00 keV   6,865E-02  8,252E-04    9,94 mm   554,92 um   732,65 um  
 400,00 keV   7,201E-02  7,833E-04   10,29 mm   560,03 um   741,80 um  
 450,00 keV   7,856E-02  7,118E-04   10,94 mm   572,44 um   757,61 um  
 500,00 keV   8,486E-02  6,532E-04   11,55 mm   582,66 um   770,81 um  
 550,00 keV   9,086E-02  6,041E-04   12,11 mm   591,26 um   782,02 um  
 600,00 keV   9,653E-02  5,624E-04   12,64 mm   598,63 um   791,70 um  
 650,00 keV   1,019E-01  5,265E-04   13,14 mm   605,06 um   800,15 um  
 700,00 keV   1,068E-01  4,952E-04   13,62 mm   610,75 um   807,61 um  
 800,00 keV   1,157E-01  4,432E-04   14,51 mm   626,87 um   820,30 um  
 900,00 keV   1,231E-01  4,018E-04   15,34 mm   640,39 um   830,77 um  
   1,00 MeV   1,292E-01  3,678E-04   16,13 mm   652,13 um   839,67 um  
   1,10 MeV   1,342E-01  3,396E-04   16,89 mm   662,62 um   847,42 um  
   1,20 MeV   1,381E-01  3,156E-04   17,62 mm   672,21 um   854,29 um  
   1,30 MeV   1,412E-01  2,949E-04   18,33 mm   681,12 um   860,47 um  
   1,40 MeV   1,436E-01  2,770E-04   19,03 mm   689,53 um   866,13 um  
   1,50 MeV   1,454E-01  2,613E-04   19,72 mm   697,54 um   871,34 um  
   1,60 MeV   1,467E-01  2,474E-04   20,41 mm   705,25 um   876,21 um  
   1,70 MeV   1,476E-01  2,349E-04   21,08 mm   712,73 um   880,78 um  
   1,80 MeV   1,481E-01  2,238E-04   21,76 mm   720,03 um   885,11 um  
   2,00 MeV   1,482E-01  2,045E-04   23,11 mm   746,50 um   893,19 um  
   2,25 MeV   1,472E-01  1,849E-04   24,80 mm   785,67 um   902,46 um  
   2,50 MeV   1,453E-01  1,689E-04   26,50 mm   823,59 um   911,09 um  
   2,75 MeV   1,428E-01  1,556E-04   28,24 mm   860,84 um   919,28 um  
   3,00 MeV   1,400E-01  1,443E-04   30,00 mm   897,82 um   927,16 um  
   3,25 MeV   1,369E-01  1,347E-04   31,81 mm   934,78 um   934,84 um  
   3,50 MeV   1,336E-01  1,263E-04   33,65 mm   971,94 um   942,40 um  
   3,75 MeV   1,303E-01  1,190E-04   35,55 mm     1,01 mm   949,90 um  
   4,00 MeV   1,271E-01  1,125E-04   37,49 mm     1,05 mm   957,38 um  
   4,50 MeV   1,207E-01  1,016E-04   41,52 mm     1,20 mm   972,45 um  
   5,00 MeV   1,147E-01  9,265E-05   45,77 mm     1,34 mm   987,86 um  
   5,50 MeV   1,091E-01  8,525E-05   50,24 mm     1,48 mm     1,00 mm  
   6,00 MeV   1,040E-01  7,901E-05   54,93 mm     1,63 mm     1,02 mm  
   6,50 MeV   9,926E-02  7,366E-05   59,85 mm     1,77 mm     1,04 mm  
   7,00 MeV   9,497E-02  6,902E-05   64,99 mm     1,92 mm     1,06 mm  
   8,00 MeV   8,743E-02  6,138E-05   75,96 mm     2,47 mm     1,10 mm  
   9,00 MeV   8,105E-02  5,533E-05   87,84 mm     2,99 mm     1,14 mm  
  10,00 MeV   7,559E-02  5,042E-05  100,61 mm     3,50 mm     1,19 mm  
  11,00 MeV   7,087E-02  4,635E-05  114,27 mm     4,00 mm     1,24 mm  
  12,00 MeV   6,675E-02  4,291E-05  128,80 mm     4,50 mm     1,30 mm  
  13,00 MeV   6,311E-02  3,997E-05  144,21 mm     5,00 mm     1,36 mm  
  14,00 MeV   5,987E-02  3,743E-05  160,47 mm     5,51 mm     1,43 mm  
  15,00 MeV   5,697E-02  3,521E-05  177,59 mm     6,02 mm     1,50 mm  
  16,00 MeV   5,436E-02  3,324E-05  195,55 mm     6,54 mm     1,58 mm  
  17,00 MeV   5,200E-02  3,150E-05  214,35 mm     7,07 mm     1,67 mm  
  18,00 MeV   4,984E-02  2,993E-05  233,99 mm     7,60 mm     1,75 mm  
  20,00 MeV   4,606E-02  2,725E-05  275,72 mm     9,63 mm     1,95 mm  
  22,50 MeV   4,215E-02  2,453E-05  332,45 mm    12,55 mm     2,21 mm  
  25,00 MeV   3,866E-02  2,233E-05  394,37 mm    15,31 mm     2,51 mm  
  27,50 MeV   3,551E-02  2,050E-05  461,84 mm    18,06 mm     2,84 mm  
  30,00 MeV   3,315E-02  1,896E-05  534,69 mm    20,80 mm     3,20 mm  
  32,50 MeV   3,110E-02  1,765E-05  612,54 mm    23,55 mm     3,59 mm  
  35,00 MeV   2,931E-02  1,651E-05  695,33 mm    26,32 mm     4,00 mm  
  37,50 MeV   2,773E-02  1,552E-05  783,00 mm    29,11 mm     4,44 mm  
  40,00 MeV   2,632E-02  1,465E-05  875,51 mm    31,93 mm     4,90 mm  
  45,00 MeV   2,393E-02  1,317E-05    1,07 m     42,62 mm     5,90 mm  
  50,00 MeV   2,196E-02  1,198E-05    1,29 m     52,64 mm     7,00 mm  
  55,00 MeV   2,032E-02  1,099E-05    1,53 m     62,42 mm     8,19 mm  
  60,00 MeV   1,892E-02  1,016E-05    1,78 m     72,13 mm     9,47 mm  
  65,00 MeV   1,771E-02  9,451E-06    2,06 m     81,87 mm    10,84 mm  
  70,00 MeV   1,666E-02  8,838E-06    2,35 m     91,68 mm    12,29 mm  
  80,00 MeV   1,492E-02  7,831E-06    2,98 m    128,37 mm    15,46 mm  
  90,00 MeV   1,353E-02  7,038E-06    3,69 m    162,56 mm    18,96 mm  
 100,00 MeV   1,239E-02  6,396E-06    4,46 m    195,95 mm    22,79 mm  
 110,00 MeV   1,145E-02  5,865E-06    5,30 m    229,23 mm    26,94 mm  
 120,00 MeV   1,064E-02  5,419E-06    6,20 m    262,72 mm    31,41 mm  
 130,00 MeV   9,956E-03  5,038E-06    7,18 m    296,60 mm    36,18 mm  
 140,00 MeV   9,357E-03  4,710E-06    8,21 m    330,95 mm    41,26 mm  
 150,00 MeV   8,832E-03  4,423E-06    9,31 m    365,82 mm    46,64 mm  
 160,00 MeV   8,368E-03  4,170E-06   10,47 m    401,25 mm    52,32 mm  
 170,00 MeV   7,954E-03  3,946E-06   11,70 m    437,25 mm    58,29 mm  
 180,00 MeV   7,582E-03  3,745E-06   12,99 m    473,82 mm    64,55 mm  
 200,00 MeV   6,942E-03  3,401E-06   15,74 m    613,98 mm    77,94 mm  
 225,00 MeV   6,291E-03  3,054E-06   19,53 m    814,90 mm    96,24 mm  
 250,00 MeV   5,761E-03  2,773E-06   23,68 m      1,00 m    116,27 mm  
 275,00 MeV   5,321E-03  2,542E-06   28,19 m      1,19 m    137,96 mm  
 300,00 MeV   4,949E-03  2,347E-06   33,07 m      1,38 m    161,29 mm  
 325,00 MeV   4,630E-03  2,181E-06   38,29 m      1,56 m    186,22 mm  
 350,00 MeV   4,354E-03  2,037E-06   43,86 m      1,75 m    212,73 mm  
 375,00 MeV   4,113E-03  1,912E-06   49,76 m      1,94 m    240,78 mm  
 400,00 MeV   3,899E-03  1,802E-06   56,00 m      2,13 m    270,34 mm  
 450,00 MeV   3,539E-03  1,617E-06   69,46 m      2,86 m    333,95 mm  
 500,00 MeV   3,247E-03  1,468E-06   84,21 m      3,54 m    403,32 mm  
 550,00 MeV   3,005E-03  1,345E-06  100,22 m      4,21 m    478,29 mm  
 600,00 MeV   2,801E-03  1,241E-06  117,45 m      4,86 m    558,68 mm  
 650,00 MeV   2,626E-03  1,153E-06  135,89 m      5,52 m    644,34 mm  
 700,00 MeV   2,475E-03  1,077E-06  155,50 m      6,18 m    735,11 mm  
 800,00 MeV   2,227E-03  9,518E-07  198,10 m      8,63 m    931,52 mm  
 900,00 MeV   2,031E-03  8,538E-07  245,12 m     10,90 m      1,15 m   
   1,00 GeV   1,872E-03  7,745E-07  296,40 m     13,10 m      1,38 m   
-----------------------------------------------------------
 Multiply Stopping by        for Stopping Units
 -------------------        ------------------
  1,0000E-01                 eV / Angstrom 
  1,0000E+00                keV / micron   
  1,0000E+00                MeV / mm       
  4,0389E+01                keV / (ug/cm2) 
  4,0389E+01                MeV / (mg/cm2) 
  4,0389E+04                keV / (mg/cm2) 
  1,7371E+02                 eV / (1E15 atoms/cm2)
  1,1121E+01                L.S.S. reduced units
 ==================================================================
 (C) 1984,1989,1992,1998,2008 by J.P. Biersack and J.F. Ziegler
