 ==================================================================
              SRIM version ---> SRIM-2013.00
              Calc. date   ---> xuño 11, 2024 
 ==================================================================

 Disk File Name = SRIM Outputs\12Li_mixture_900mbar.txt

 Ion = Hydrogen [1] , Mass = 12,05261 amu

 Target Density =  2,4760E-04 g/cm3 = 5,7813E+19 atoms/cm3
 Target is a GAS 
 ======= Target  Composition ========
    Atom   Atom   Atomic    Mass     
    Name   Numb   Percent   Percent  
    ----   ----   -------   -------  
      H      1    019,23    010,45   
      C      6    007,69    049,82   
      H      1    073,08    039,73   
 ====================================
 Bragg Correction = -0,91%
 Stopping Units =  MeV / mm       
 See bottom of Table for other Stopping units 

        Ion        dE/dx      dE/dx     Projected  Longitudinal   Lateral
       Energy      Elec.      Nuclear     Range     Straggling   Straggling
  --------------  ---------- ---------- ----------  ----------  ----------
999,999 eV    2,305E-03  6,462E-03   99,75 um    23,48 um    17,56 um  
   1,10 keV   2,418E-03  6,263E-03  110,17 um    25,60 um    19,17 um  
   1,20 keV   2,525E-03  6,077E-03  120,71 um    27,69 um    20,80 um  
   1,30 keV   2,628E-03  5,904E-03  131,36 um    29,77 um    22,42 um  
   1,40 keV   2,728E-03  5,742E-03  142,11 um    31,83 um    24,06 um  
   1,50 keV   2,823E-03  5,590E-03  152,96 um    33,87 um    25,69 um  
   1,60 keV   2,916E-03  5,447E-03  163,90 um    35,89 um    27,33 um  
   1,70 keV   3,006E-03  5,313E-03  174,92 um    37,89 um    28,98 um  
   1,80 keV   3,093E-03  5,186E-03  186,00 um    39,87 um    30,63 um  
   2,00 keV   3,260E-03  4,953E-03  208,37 um    43,81 um    33,93 um  
   2,25 keV   3,458E-03  4,695E-03  236,64 um    48,63 um    38,06 um  
   2,50 keV   3,645E-03  4,467E-03  265,15 um    53,30 um    42,19 um  
   2,75 keV   3,823E-03  4,264E-03  293,86 um    57,83 um    46,30 um  
   3,00 keV   3,993E-03  4,081E-03  322,69 um    62,23 um    50,39 um  
   3,25 keV   4,156E-03  3,916E-03  351,61 um    66,49 um    54,44 um  
   3,50 keV   4,313E-03  3,766E-03  380,59 um    70,62 um    58,46 um  
   3,75 keV   4,464E-03  3,630E-03  409,57 um    74,63 um    62,44 um  
   4,00 keV   4,610E-03  3,504E-03  438,55 um    78,52 um    66,38 um  
   4,50 keV   4,890E-03  3,281E-03  496,38 um    86,11 um    74,12 um  
   5,00 keV   5,155E-03  3,089E-03  553,92 um    93,25 um    81,66 um  
   5,50 keV   5,406E-03  2,921E-03  611,06 um    99,98 um    88,99 um  
   6,00 keV   5,646E-03  2,773E-03  667,74 um   106,33 um    96,12 um  
   6,50 keV   5,877E-03  2,642E-03  723,90 um   112,33 um   103,03 um  
   7,00 keV   6,099E-03  2,524E-03  779,51 um   118,02 um   109,74 um  
   8,00 keV   6,520E-03  2,322E-03  889,00 um   128,95 um   122,57 um  
   9,00 keV   6,915E-03  2,153E-03  996,10 um   138,81 um   134,63 um  
  10,00 keV   7,290E-03  2,010E-03    1,10 mm   147,77 um   146,00 um  
  11,00 keV   7,645E-03  1,888E-03    1,20 mm   155,96 um   156,72 um  
  12,00 keV   7,985E-03  1,781E-03    1,30 mm   163,47 um   166,85 um  
  13,00 keV   8,311E-03  1,687E-03    1,40 mm   170,40 um   176,43 um  
  14,00 keV   8,625E-03  1,604E-03    1,50 mm   176,83 um   185,51 um  
  15,00 keV   8,928E-03  1,529E-03    1,59 mm   182,79 um   194,14 um  
  16,00 keV   9,221E-03  1,462E-03    1,68 mm   188,36 um   202,34 um  
  17,00 keV   9,504E-03  1,401E-03    1,77 mm   193,57 um   210,16 um  
  18,00 keV   9,780E-03  1,346E-03    1,86 mm   198,46 um   217,61 um  
  20,00 keV   1,031E-02  1,249E-03    2,03 mm   208,06 um   231,56 um  
  22,50 keV   1,093E-02  1,148E-03    2,24 mm   218,97 um   247,40 um  
  25,00 keV   1,152E-02  1,063E-03    2,44 mm   228,53 um   261,75 um  
  27,50 keV   1,206E-02  9,913E-04    2,63 mm   237,01 um   274,84 um  
  30,00 keV   1,258E-02  9,295E-04    2,82 mm   244,61 um   286,86 um  
  32,50 keV   1,308E-02  8,758E-04    3,00 mm   251,48 um   297,96 um  
  35,00 keV   1,355E-02  8,285E-04    3,17 mm   257,72 um   308,25 um  
  37,50 keV   1,401E-02  7,866E-04    3,34 mm   263,44 um   317,83 um  
  40,00 keV   1,445E-02  7,491E-04    3,50 mm   268,69 um   326,79 um  
  45,00 keV   1,529E-02  6,848E-04    3,82 mm   279,82 um   343,10 um  
  50,00 keV   1,609E-02  6,316E-04    4,12 mm   289,46 um   357,62 um  
  55,00 keV   1,683E-02  5,868E-04    4,41 mm   297,93 um   370,67 um  
  60,00 keV   1,755E-02  5,484E-04    4,69 mm   305,46 um   382,49 um  
  65,00 keV   1,823E-02  5,151E-04    4,96 mm   312,22 um   393,29 um  
  70,00 keV   1,888E-02  4,860E-04    5,22 mm   318,34 um   403,21 um  
  80,00 keV   2,010E-02  4,374E-04    5,72 mm   332,74 um   420,86 um  
  90,00 keV   2,123E-02  3,983E-04    6,19 mm   344,95 um   436,19 um  
 100,00 keV   2,229E-02  3,662E-04    6,64 mm   355,51 um   449,69 um  
 110,00 keV   2,328E-02  3,392E-04    7,07 mm   364,81 um   461,74 um  
 120,00 keV   2,421E-02  3,162E-04    7,49 mm   373,10 um   472,59 um  
 130,00 keV   2,509E-02  2,964E-04    7,89 mm   380,57 um   482,44 um  
 140,00 keV   2,592E-02  2,790E-04    8,27 mm   387,36 um   491,46 um  
 150,00 keV   2,671E-02  2,638E-04    8,65 mm   393,58 um   499,77 um  
 160,00 keV   2,745E-02  2,502E-04    9,01 mm   399,33 um   507,47 um  
 170,00 keV   2,816E-02  2,381E-04    9,37 mm   404,67 um   514,63 um  
 180,00 keV   2,884E-02  2,272E-04    9,71 mm   409,65 um   521,33 um  
 200,00 keV   3,009E-02  2,083E-04   10,39 mm   424,06 um   533,54 um  
 225,00 keV   3,149E-02  1,890E-04   11,19 mm   442,78 um   547,00 um  
 250,00 keV   3,274E-02  1,731E-04   11,96 mm   459,21 um   558,89 um  
 275,00 keV   3,385E-02  1,599E-04   12,71 mm   473,91 um   569,56 um  
 300,00 keV   3,484E-02  1,487E-04   13,43 mm   487,24 um   579,23 um  
 325,00 keV   3,571E-02  1,390E-04   14,14 mm   499,50 um   588,10 um  
 350,00 keV   3,648E-02  1,307E-04   14,83 mm   510,88 um   596,30 um  
 375,00 keV   3,716E-02  1,233E-04   15,50 mm   521,54 um   603,93 um  
 400,00 keV   3,776E-02  1,167E-04   16,17 mm   531,59 um   611,09 um  
 450,00 keV   3,874E-02  1,057E-04   17,47 mm   565,43 um   624,23 um  
 500,00 keV   3,946E-02  9,664E-05   18,74 mm   595,93 um   636,14 um  
 550,00 keV   3,997E-02  8,911E-05   20,00 mm   624,00 um   647,10 um  
 600,00 keV   4,029E-02  8,273E-05   21,24 mm   650,26 um   657,33 um  
 650,00 keV   4,046E-02  7,726E-05   22,48 mm   675,14 um   666,97 um  
 700,00 keV   4,050E-02  7,251E-05   23,71 mm   698,97 um   676,14 um  
 800,00 keV   4,027E-02  6,466E-05   26,18 mm   784,34 um   693,43 um  
 900,00 keV   3,972E-02  5,842E-05   28,68 mm   862,64 um   709,73 um  
   1,00 MeV   3,897E-02  5,334E-05   31,21 mm   936,63 um   725,41 um  
   1,10 MeV   3,807E-02  4,912E-05   33,81 mm     1,01 mm   740,71 um  
   1,20 MeV   3,709E-02  4,555E-05   36,46 mm     1,08 mm   755,82 um  
   1,30 MeV   3,606E-02  4,249E-05   39,19 mm     1,15 mm   770,88 um  
   1,40 MeV   3,502E-02  3,984E-05   42,01 mm     1,22 mm   786,01 um  
   1,50 MeV   3,398E-02  3,751E-05   44,90 mm     1,28 mm   801,29 um  
   1,60 MeV   3,296E-02  3,546E-05   47,89 mm     1,35 mm   816,80 um  
   1,70 MeV   3,197E-02  3,363E-05   50,96 mm     1,42 mm   832,60 um  
   1,80 MeV   3,101E-02  3,199E-05   54,14 mm     1,50 mm   848,74 um  
   2,00 MeV   2,922E-02  2,917E-05   60,77 mm     1,77 mm   882,22 um  
   2,25 MeV   2,720E-02  2,631E-05   69,64 mm     2,17 mm   926,66 um  
   2,50 MeV   2,542E-02  2,398E-05   79,14 mm     2,56 mm   974,34 um  
   2,75 MeV   2,385E-02  2,205E-05   89,28 mm     2,94 mm     1,03 mm  
   3,00 MeV   2,247E-02  2,042E-05  100,08 mm     3,31 mm     1,08 mm  
   3,25 MeV   2,125E-02  1,903E-05  111,51 mm     3,69 mm     1,14 mm  
   3,50 MeV   2,016E-02  1,782E-05  123,58 mm     4,07 mm     1,20 mm  
   3,75 MeV   1,919E-02  1,677E-05  136,28 mm     4,46 mm     1,27 mm  
   4,00 MeV   1,832E-02  1,584E-05  149,60 mm     4,84 mm     1,34 mm  
   4,50 MeV   1,682E-02  1,427E-05  178,07 mm     6,31 mm     1,49 mm  
   5,00 MeV   1,558E-02  1,299E-05  208,94 mm     7,68 mm     1,66 mm  
   5,50 MeV   1,453E-02  1,193E-05  242,15 mm     9,01 mm     1,84 mm  
   6,00 MeV   1,363E-02  1,104E-05  277,66 mm    10,32 mm     2,04 mm  
   6,50 MeV   1,285E-02  1,028E-05  315,41 mm    11,63 mm     2,25 mm  
   7,00 MeV   1,217E-02  9,625E-06  355,36 mm    12,94 mm     2,47 mm  
   8,00 MeV   1,103E-02  8,542E-06  441,63 mm    17,81 mm     2,96 mm  
   9,00 MeV   1,011E-02  7,687E-06  536,31 mm    22,30 mm     3,49 mm  
  10,00 MeV   9,343E-03  6,994E-06  639,19 mm    26,65 mm     4,07 mm  
  11,00 MeV   8,698E-03  6,420E-06  750,07 mm    30,94 mm     4,70 mm  
  12,00 MeV   8,144E-03  5,937E-06  868,84 mm    35,23 mm     5,36 mm  
  13,00 MeV   7,681E-03  5,525E-06  995,22 mm    39,53 mm     6,07 mm  
  14,00 MeV   7,222E-03  5,168E-06    1,13 m     43,88 mm     6,82 mm  
  15,00 MeV   6,814E-03  4,857E-06    1,27 m     48,31 mm     7,61 mm  
  16,00 MeV   6,480E-03  4,582E-06    1,42 m     52,82 mm     8,44 mm  
  17,00 MeV   6,180E-03  4,338E-06    1,58 m     57,38 mm     9,31 mm  
  18,00 MeV   5,909E-03  4,120E-06    1,75 m     62,00 mm    10,22 mm  
  20,00 MeV   5,439E-03  3,746E-06    2,10 m     79,64 mm    12,16 mm  
  22,50 MeV   4,957E-03  3,367E-06    2,58 m    104,86 mm    14,79 mm  
  25,00 MeV   4,561E-03  3,061E-06    3,11 m    128,63 mm    17,65 mm  
  27,50 MeV   4,229E-03  2,807E-06    3,67 m    151,83 mm    20,73 mm  
  30,00 MeV   3,946E-03  2,594E-06    4,29 m    174,85 mm    24,03 mm  
  32,50 MeV   3,702E-03  2,412E-06    4,94 m    197,91 mm    27,53 mm  
  35,00 MeV   3,488E-03  2,255E-06    5,64 m    221,12 mm    31,25 mm  
  37,50 MeV   3,300E-03  2,118E-06    6,37 m    244,55 mm    35,17 mm  
  40,00 MeV   3,133E-03  1,997E-06    7,15 m    268,24 mm    39,29 mm  
  45,00 MeV   2,848E-03  1,794E-06    8,82 m    358,02 mm    48,14 mm  
  50,00 MeV   2,614E-03  1,630E-06   10,66 m    442,22 mm    57,77 mm  
  55,00 MeV   2,419E-03  1,494E-06   12,64 m    524,31 mm    68,18 mm  
  60,00 MeV   2,253E-03  1,380E-06   14,78 m    605,82 mm    79,34 mm  
  65,00 MeV   2,109E-03  1,283E-06   17,08 m    687,50 mm    91,24 mm  
  70,00 MeV   1,985E-03  1,199E-06   19,52 m    769,79 mm   103,87 mm  
  80,00 MeV   1,778E-03  1,061E-06   24,84 m      1,08 m    131,31 mm  
  90,00 MeV   1,613E-03  9,522E-07   30,75 m      1,36 m    161,58 mm  
 100,00 MeV   1,478E-03  8,645E-07   37,23 m      1,64 m    194,62 mm  
 110,00 MeV   1,365E-03  7,921E-07   44,27 m      1,92 m    230,37 mm  
 120,00 MeV   1,270E-03  7,313E-07   51,86 m      2,20 m    268,79 mm  
 130,00 MeV   1,188E-03  6,795E-07   60,00 m      2,49 m    309,83 mm  
 140,00 MeV   1,117E-03  6,347E-07   68,68 m      2,77 m    353,47 mm  
 150,00 MeV   1,054E-03  5,957E-07   77,90 m      3,07 m    399,65 mm  
 160,00 MeV   9,989E-04  5,613E-07   87,64 m      3,36 m    448,34 mm  
 170,00 MeV   9,496E-04  5,309E-07   97,91 m      3,66 m    499,52 mm  
 180,00 MeV   9,053E-04  5,037E-07  108,69 m      3,97 m    553,16 mm  
 200,00 MeV   8,291E-04  4,571E-07  131,77 m      5,14 m    667,74 mm  
 225,00 MeV   7,514E-04  4,100E-07  163,44 m      6,82 m    824,33 mm  
 250,00 MeV   6,882E-04  3,720E-07  198,20 m      8,42 m    995,41 mm  
 275,00 MeV   6,356E-04  3,407E-07  236,00 m      9,97 m      1,18 m   
 300,00 MeV   5,912E-04  3,144E-07  276,78 m     11,53 m      1,38 m   
 325,00 MeV   5,532E-04  2,920E-07  320,49 m     13,08 m      1,59 m   
 350,00 MeV   5,202E-04  2,726E-07  367,08 m     14,65 m      1,82 m   
 375,00 MeV   4,913E-04  2,558E-07  416,53 m     16,24 m      2,06 m   
 400,00 MeV   4,658E-04  2,409E-07  468,77 m     17,85 m      2,31 m   
 450,00 MeV   4,227E-04  2,160E-07  581,45 m     23,94 m      2,85 m   
 500,00 MeV   3,878E-04  1,959E-07  704,94 m     29,65 m      3,44 m   
 550,00 MeV   3,587E-04  1,794E-07  838,99 m     35,20 m      4,08 m   
 600,00 MeV   3,343E-04  1,655E-07  983,36 m     40,71 m      4,76 m   
 650,00 MeV   3,134E-04  1,536E-07    1,14 km    46,22 m      5,49 m   
 700,00 MeV   2,953E-04  1,434E-07    1,30 km    51,75 m      6,27 m   
 800,00 MeV   2,655E-04  1,267E-07    1,66 km    72,36 m      7,94 m   
 900,00 MeV   2,420E-04  1,135E-07    2,05 km    91,42 m      9,77 m   
   1,00 GeV   2,229E-04  1,029E-07    2,48 km   109,88 m     11,76 m   
-----------------------------------------------------------
 Multiply Stopping by        for Stopping Units
 -------------------        ------------------
  1,0000E-01                 eV / Angstrom 
  1,0000E+00                keV / micron   
  1,0000E+00                MeV / mm       
  4,0389E+01                keV / (ug/cm2) 
  4,0389E+01                MeV / (mg/cm2) 
  4,0389E+04                keV / (mg/cm2) 
  1,7297E+02                 eV / (1E15 atoms/cm2)
  2,6839E+01                L.S.S. reduced units
 ==================================================================
 (C) 1984,1989,1992,1998,2008 by J.P. Biersack and J.F. Ziegler
