 ==================================================================
              SRIM version ---> SRIM-2013.00
              Calc. date   ---> xuño 11, 2024 
 ==================================================================

 Disk File Name = SRIM Outputs\1H_mixture_900mbar.txt

 Ion = Hydrogen [1] , Mass = 1,008 amu

 Target Density =  2,4760E-04 g/cm3 = 5,7813E+19 atoms/cm3
 Target is a GAS 
 ======= Target  Composition ========
    Atom   Atom   Atomic    Mass     
    Name   Numb   Percent   Percent  
    ----   ----   -------   -------  
      H      1    019,23    010,45   
      C      6    007,69    049,82   
      H      1    073,08    039,73   
 ====================================
 Bragg Correction = -0,91%
 Stopping Units =  MeV / mm       
 See bottom of Table for other Stopping units 

        Ion        dE/dx      dE/dx     Projected  Longitudinal   Lateral
       Energy      Elec.      Nuclear     Range     Straggling   Straggling
  --------------  ---------- ---------- ----------  ----------  ----------
999,999 eV    7,971E-03  1,172E-03  102,07 um    36,19 um    32,52 um  
   1,10 keV   8,360E-03  1,110E-03  110,87 um    38,08 um    34,57 um  
   1,20 keV   8,732E-03  1,056E-03  119,47 um    39,83 um    36,50 um  
   1,30 keV   9,088E-03  1,007E-03  127,89 um    41,45 um    38,34 um  
   1,40 keV   9,431E-03  9,635E-04  136,13 um    42,97 um    40,08 um  
   1,50 keV   9,762E-03  9,240E-04  144,21 um    44,39 um    41,74 um  
   1,60 keV   1,008E-02  8,882E-04  152,14 um    45,73 um    43,32 um  
   1,70 keV   1,039E-02  8,555E-04  159,91 um    46,99 um    44,83 um  
   1,80 keV   1,069E-02  8,254E-04  167,55 um    48,18 um    46,27 um  
   2,00 keV   1,127E-02  7,721E-04  182,43 um    50,38 um    48,99 um  
   2,25 keV   1,193E-02  7,157E-04  200,38 um    52,85 um    52,11 um  
   2,50 keV   1,256E-02  6,679E-04  217,69 um    55,04 um    54,96 um  
   2,75 keV   1,315E-02  6,270E-04  234,42 um    57,01 um    57,58 um  
   3,00 keV   1,371E-02  5,914E-04  250,63 um    58,79 um    60,01 um  
   3,25 keV   1,425E-02  5,601E-04  266,36 um    60,42 um    62,27 um  
   3,50 keV   1,477E-02  5,323E-04  281,66 um    61,91 um    64,38 um  
   3,75 keV   1,527E-02  5,076E-04  296,56 um    63,28 um    66,36 um  
   4,00 keV   1,575E-02  4,853E-04  311,09 um    64,54 um    68,23 um  
   4,50 keV   1,666E-02  4,467E-04  339,16 um    66,87 um    71,66 um  
   5,00 keV   1,752E-02  4,144E-04  366,04 um    68,90 um    74,75 um  
   5,50 keV   1,833E-02  3,870E-04  391,88 um    70,69 um    77,55 um  
   6,00 keV   1,910E-02  3,634E-04  416,80 um    72,30 um    80,12 um  
   6,50 keV   1,983E-02  3,427E-04  440,89 um    73,75 um    82,48 um  
   7,00 keV   2,053E-02  3,246E-04  464,25 um    75,06 um    84,67 um  
   8,00 keV   2,184E-02  2,940E-04  509,02 um    77,48 um    88,62 um  
   9,00 keV   2,305E-02  2,692E-04  551,56 um    79,54 um    92,09 um  
  10,00 keV   2,417E-02  2,486E-04  592,21 um    81,33 um    95,18 um  
  11,00 keV   2,522E-02  2,312E-04  631,23 um    82,91 um    97,97 um  
  12,00 keV   2,620E-02  2,163E-04  668,85 um    84,31 um   100,50 um  
  13,00 keV   2,712E-02  2,034E-04  705,23 um    85,58 um   102,82 um  
  14,00 keV   2,798E-02  1,921E-04  740,53 um    86,72 um   104,97 um  
  15,00 keV   2,879E-02  1,820E-04  774,85 um    87,77 um   106,96 um  
  16,00 keV   2,956E-02  1,731E-04  808,31 um    88,73 um   108,81 um  
  17,00 keV   3,028E-02  1,651E-04  840,99 um    89,63 um   110,55 um  
  18,00 keV   3,097E-02  1,578E-04  872,97 um    90,46 um   112,19 um  
  20,00 keV   3,222E-02  1,452E-04  935,07 um    92,17 um   115,20 um  
  22,50 keV   3,360E-02  1,323E-04    1,01 mm    94,16 um   118,56 um  
  25,00 keV   3,480E-02  1,216E-04    1,08 mm    95,91 um   121,57 um  
  27,50 keV   3,583E-02  1,127E-04    1,15 mm    97,49 um   124,30 um  
  30,00 keV   3,673E-02  1,050E-04    1,22 mm    98,93 um   126,81 um  
  32,50 keV   3,750E-02  9,845E-05    1,29 mm   100,26 um   129,13 um  
  35,00 keV   3,816E-02  9,271E-05    1,35 mm   101,49 um   131,31 um  
  37,50 keV   3,871E-02  8,765E-05    1,42 mm   102,65 um   133,35 um  
  40,00 keV   3,917E-02  8,315E-05    1,48 mm   103,74 um   135,28 um  
  45,00 keV   3,986E-02  7,550E-05    1,61 mm   106,51 um   138,88 um  
  50,00 keV   4,028E-02  6,923E-05    1,73 mm   109,08 um   142,21 um  
  55,00 keV   4,047E-02  6,399E-05    1,85 mm   111,50 um   145,32 um  
  60,00 keV   4,049E-02  5,954E-05    1,98 mm   113,82 um   148,28 um  
  65,00 keV   4,035E-02  5,571E-05    2,10 mm   116,06 um   151,11 um  
  70,00 keV   4,010E-02  5,237E-05    2,22 mm   118,25 um   153,84 um  
  80,00 keV   3,932E-02  4,684E-05    2,47 mm   125,06 um   159,11 um  
  90,00 keV   3,829E-02  4,243E-05    2,73 mm   131,73 um   164,22 um  
 100,00 keV   3,713E-02  3,883E-05    2,99 mm   138,37 um   169,26 um  
 110,00 keV   3,590E-02  3,582E-05    3,27 mm   145,06 um   174,29 um  
 120,00 keV   3,466E-02  3,328E-05    3,55 mm   151,86 um   179,37 um  
 130,00 keV   3,342E-02  3,109E-05    3,84 mm   158,80 um   184,53 um  
 140,00 keV   3,223E-02  2,919E-05    4,15 mm   165,91 um   189,81 um  
 150,00 keV   3,108E-02  2,752E-05    4,46 mm   173,20 um   195,22 um  
 160,00 keV   2,998E-02  2,605E-05    4,79 mm   180,69 um   200,79 um  
 170,00 keV   2,894E-02  2,473E-05    5,13 mm   188,39 um   206,53 um  
 180,00 keV   2,796E-02  2,355E-05    5,48 mm   196,29 um   212,46 um  
 200,00 keV   2,616E-02  2,151E-05    6,22 mm   225,14 um   224,92 um  
 225,00 keV   2,421E-02  1,944E-05    7,21 mm   268,63 um   241,72 um  
 250,00 keV   2,253E-02  1,775E-05    8,28 mm   311,64 um   259,95 um  
 275,00 keV   2,107E-02  1,635E-05    9,42 mm   354,72 um   279,65 um  
 300,00 keV   1,981E-02  1,516E-05   10,64 mm   398,13 um   300,85 um  
 325,00 keV   1,871E-02  1,414E-05   11,94 mm   442,04 um   323,55 um  
 350,00 keV   1,773E-02  1,326E-05   13,31 mm   486,52 um   347,73 um  
 375,00 keV   1,687E-02  1,249E-05   14,76 mm   531,62 um   373,37 um  
 400,00 keV   1,609E-02  1,181E-05   16,27 mm   577,35 um   400,44 um  
 450,00 keV   1,477E-02  1,065E-05   19,51 mm   744,69 um   458,79 um  
 500,00 keV   1,367E-02  9,714E-06   23,03 mm   903,15 um   522,54 um  
 550,00 keV   1,275E-02  8,936E-06   26,81 mm     1,06 mm   591,45 um  
 600,00 keV   1,195E-02  8,278E-06   30,85 mm     1,21 mm   665,31 um  
 650,00 keV   1,127E-02  7,716E-06   35,16 mm     1,36 mm   743,95 um  
 700,00 keV   1,067E-02  7,229E-06   39,71 mm     1,52 mm   827,20 um  
 800,00 keV   9,658E-03  6,426E-06   49,56 mm     2,08 mm     1,01 mm  
 900,00 keV   8,843E-03  5,791E-06   60,37 mm     2,60 mm     1,20 mm  
   1,00 MeV   8,167E-03  5,275E-06   72,12 mm     3,10 mm     1,42 mm  
   1,10 MeV   7,611E-03  4,848E-06   84,79 mm     3,60 mm     1,65 mm  
   1,20 MeV   7,062E-03  4,487E-06   98,42 mm     4,11 mm     1,89 mm  
   1,30 MeV   6,628E-03  4,179E-06  113,02 mm     4,62 mm     2,15 mm  
   1,40 MeV   6,255E-03  3,913E-06  128,54 mm     5,14 mm     2,43 mm  
   1,50 MeV   5,926E-03  3,679E-06  144,95 mm     5,67 mm     2,73 mm  
   1,60 MeV   5,633E-03  3,474E-06  162,24 mm     6,20 mm     3,03 mm  
   1,70 MeV   5,370E-03  3,291E-06  180,41 mm     6,74 mm     3,36 mm  
   1,80 MeV   5,134E-03  3,127E-06  199,43 mm     7,29 mm     3,69 mm  
   2,00 MeV   4,724E-03  2,846E-06  240,01 mm     9,34 mm     4,41 mm  
   2,25 MeV   4,303E-03  2,561E-06  295,41 mm    12,27 mm     5,39 mm  
   2,50 MeV   3,957E-03  2,331E-06  355,95 mm    15,04 mm     6,45 mm  
   2,75 MeV   3,667E-03  2,140E-06  421,52 mm    17,75 mm     7,59 mm  
   3,00 MeV   3,420E-03  1,979E-06  492,05 mm    20,45 mm     8,82 mm  
   3,25 MeV   3,207E-03  1,841E-06  567,47 mm    23,17 mm    10,12 mm  
   3,50 MeV   3,021E-03  1,722E-06  647,73 mm    25,90 mm    11,51 mm  
   3,75 MeV   2,856E-03  1,619E-06  732,77 mm    28,67 mm    12,97 mm  
   4,00 MeV   2,711E-03  1,527E-06  822,54 mm    31,48 mm    14,51 mm  
   4,50 MeV   2,463E-03  1,373E-06    1,02 m     41,93 mm    17,82 mm  
   5,00 MeV   2,259E-03  1,249E-06    1,23 m     51,77 mm    21,43 mm  
   5,50 MeV   2,089E-03  1,145E-06    1,46 m     61,40 mm    25,33 mm  
   6,00 MeV   1,945E-03  1,059E-06    1,71 m     70,98 mm    29,52 mm  
   6,50 MeV   1,821E-03  9,847E-07    1,97 m     80,60 mm    33,99 mm  
   7,00 MeV   1,712E-03  9,207E-07    2,25 m     90,31 mm    38,74 mm  
   8,00 MeV   1,533E-03  8,156E-07    2,87 m    126,17 mm    49,07 mm  
   9,00 MeV   1,390E-03  7,328E-07    3,56 m    159,68 mm    60,49 mm  
  10,00 MeV   1,274E-03  6,659E-07    4,31 m    192,48 mm    72,96 mm  
  11,00 MeV   1,176E-03  6,105E-07    5,12 m    225,23 mm    86,47 mm  
  12,00 MeV   1,094E-03  5,640E-07    6,00 m    258,23 mm   101,00 mm  
  13,00 MeV   1,023E-03  5,243E-07    6,95 m    291,65 mm   116,53 mm  
  14,00 MeV   9,619E-04  4,900E-07    7,96 m    325,57 mm   133,05 mm  
  15,00 MeV   9,081E-04  4,601E-07    9,02 m    360,05 mm   150,54 mm  
  16,00 MeV   8,604E-04  4,338E-07   10,16 m    395,12 mm   168,99 mm  
  17,00 MeV   8,179E-04  4,104E-07   11,35 m    430,78 mm   188,39 mm  
  18,00 MeV   7,798E-04  3,895E-07   12,60 m    467,04 mm   208,73 mm  
  20,00 MeV   7,141E-04  3,537E-07   15,28 m    603,89 mm   252,18 mm  
  22,50 MeV   6,473E-04  3,175E-07   18,95 m    799,91 mm   311,59 mm  
  25,00 MeV   5,930E-04  2,883E-07   22,98 m    985,79 mm   376,52 mm  
  27,50 MeV   5,478E-04  2,642E-07   27,37 m      1,17 m    446,83 mm  
  30,00 MeV   5,097E-04  2,439E-07   32,10 m      1,35 m    522,40 mm  
  32,50 MeV   4,771E-04  2,266E-07   37,16 m      1,53 m    603,12 mm  
  35,00 MeV   4,488E-04  2,117E-07   42,56 m      1,72 m    688,89 mm  
  37,50 MeV   4,240E-04  1,987E-07   48,29 m      1,90 m    779,61 mm  
  40,00 MeV   4,021E-04  1,872E-07   54,34 m      2,09 m    875,18 mm  
  45,00 MeV   3,652E-04  1,680E-07   67,38 m      2,80 m      1,08 m   
  50,00 MeV   3,353E-04  1,525E-07   81,66 m      3,46 m      1,30 m   
  55,00 MeV   3,104E-04  1,396E-07   97,16 m      4,11 m      1,55 m   
  60,00 MeV   2,895E-04  1,289E-07  113,82 m      4,75 m      1,80 m   
  65,00 MeV   2,716E-04  1,197E-07  131,65 m      5,39 m      2,08 m   
  70,00 MeV   2,562E-04  1,118E-07  150,59 m      6,03 m      2,37 m   
  80,00 MeV   2,307E-04  9,880E-08  191,71 m      8,41 m      3,00 m   
  90,00 MeV   2,107E-04  8,861E-08  237,05 m     10,60 m      3,69 m   
 100,00 MeV   1,944E-04  8,038E-08  286,44 m     12,73 m      4,44 m   
 110,00 MeV   1,810E-04  7,359E-08  339,73 m     14,82 m      5,24 m   
 120,00 MeV   1,697E-04  6,789E-08  396,76 m     16,91 m      6,09 m   
 130,00 MeV   1,601E-04  6,303E-08  457,41 m     19,00 m      6,98 m   
 140,00 MeV   1,518E-04  5,885E-08  521,53 m     21,09 m      7,93 m   
 150,00 MeV   1,445E-04  5,520E-08  589,01 m     23,20 m      8,91 m   
 160,00 MeV   1,382E-04  5,199E-08  659,74 m     25,31 m      9,94 m   
 170,00 MeV   1,325E-04  4,915E-08  733,60 m     27,43 m     11,01 m   
 180,00 MeV   1,275E-04  4,661E-08  810,49 m     29,56 m     12,11 m   
 200,00 MeV   1,189E-04  4,226E-08  972,88 m     37,53 m     14,43 m   
 225,00 MeV   1,102E-04  3,788E-08    1,19 km    48,71 m     17,50 m   
 250,00 MeV   1,033E-04  3,434E-08    1,43 km    59,03 m     20,75 m   
 275,00 MeV   9,756E-05  3,143E-08    1,67 km    68,86 m     24,16 m   
 300,00 MeV   9,280E-05  2,898E-08    1,94 km    78,37 m     27,72 m   
 325,00 MeV   8,877E-05  2,690E-08    2,21 km    87,65 m     31,40 m   
 350,00 MeV   8,532E-05  2,510E-08    2,50 km    96,74 m     35,19 m   
 375,00 MeV   8,233E-05  2,354E-08    2,80 km   105,68 m     39,08 m   
 400,00 MeV   7,972E-05  2,217E-08    3,11 km   114,48 m     43,05 m   
 450,00 MeV   7,540E-05  1,986E-08    3,75 km   146,63 m     51,23 m   
 500,00 MeV   7,198E-05  1,800E-08    4,43 km   175,51 m     59,64 m   
 550,00 MeV   6,922E-05  1,647E-08    5,14 km   202,34 m     68,24 m   
 600,00 MeV   6,695E-05  1,518E-08    5,87 km   227,71 m     76,97 m   
 650,00 MeV   6,506E-05  1,409E-08    6,63 km   251,93 m     85,80 m   
 700,00 MeV   6,347E-05  1,314E-08    7,41 km   275,19 m     94,69 m   
 800,00 MeV   6,096E-05  1,160E-08    9,01 km   357,42 m    112,58 m   
 900,00 MeV   5,910E-05  1,039E-08   10,68 km   428,54 m    130,46 m   
   1,00 GeV   5,768E-05  9,414E-09   12,39 km   492,68 m    148,24 m   
-----------------------------------------------------------
 Multiply Stopping by        for Stopping Units
 -------------------        ------------------
  1,0000E-01                 eV / Angstrom 
  1,0000E+00                keV / micron   
  1,0000E+00                MeV / mm       
  4,0389E+01                keV / (ug/cm2) 
  4,0389E+01                MeV / (mg/cm2) 
  4,0389E+04                keV / (mg/cm2) 
  1,7297E+02                 eV / (1E15 atoms/cm2)
  7,8674E+01                L.S.S. reduced units
 ==================================================================
 (C) 1984,1989,1992,1998,2008 by J.P. Biersack and J.F. Ziegler
