 ==================================================================
              SRIM version ---> SRIM-2013.00
              Calc. date   ---> xuño 11, 2024 
 ==================================================================

 Disk File Name = SRIM Outputs\2H_mixture_900mbar.txt

 Ion = Hydrogen [1] , Mass = 2,015 amu

 Target Density =  2,4760E-04 g/cm3 = 5,7813E+19 atoms/cm3
 Target is a GAS 
 ======= Target  Composition ========
    Atom   Atom   Atomic    Mass     
    Name   Numb   Percent   Percent  
    ----   ----   -------   -------  
      H      1    019,23    010,45   
      C      6    007,69    049,82   
      H      1    073,08    039,73   
 ====================================
 Bragg Correction = -0,91%
 Stopping Units =  MeV / mm       
 See bottom of Table for other Stopping units 

        Ion        dE/dx      dE/dx     Projected  Longitudinal   Lateral
       Energy      Elec.      Nuclear     Range     Straggling   Straggling
  --------------  ---------- ---------- ----------  ----------  ----------
999,999 eV    5,638E-03  2,072E-03  111,00 um    37,51 um    32,10 um  
   1,10 keV   5,913E-03  1,970E-03  121,56 um    40,01 um    34,61 um  
   1,20 keV   6,176E-03  1,880E-03  131,99 um    42,36 um    37,03 um  
   1,30 keV   6,428E-03  1,798E-03  142,27 um    44,59 um    39,36 um  
   1,40 keV   6,671E-03  1,725E-03  152,42 um    46,70 um    41,61 um  
   1,50 keV   6,905E-03  1,658E-03  162,44 um    48,71 um    43,77 um  
   1,60 keV   7,131E-03  1,597E-03  172,33 um    50,61 um    45,86 um  
   1,70 keV   7,351E-03  1,541E-03  182,08 um    52,43 um    47,89 um  
   1,80 keV   7,564E-03  1,490E-03  191,71 um    54,17 um    49,84 um  
   2,00 keV   7,973E-03  1,398E-03  210,62 um    57,42 um    53,57 um  
   2,25 keV   8,457E-03  1,300E-03  233,61 um    61,13 um    57,92 um  
   2,50 keV   8,914E-03  1,217E-03  255,92 um    64,49 um    61,96 um  
   2,75 keV   9,349E-03  1,146E-03  277,62 um    67,54 um    65,73 um  
   3,00 keV   9,765E-03  1,083E-03  298,73 um    70,33 um    69,26 um  
   3,25 keV   1,016E-02  1,028E-03  319,31 um    72,89 um    72,58 um  
   3,50 keV   1,055E-02  9,785E-04  339,39 um    75,26 um    75,70 um  
   3,75 keV   1,092E-02  9,345E-04  359,00 um    77,46 um    78,65 um  
   4,00 keV   1,128E-02  8,947E-04  378,17 um    79,50 um    81,45 um  
   4,50 keV   1,194E-02  8,257E-04  415,33 um    83,27 um    86,63 um  
   5,00 keV   1,256E-02  7,678E-04  451,09 um    86,60 um    91,35 um  
   5,50 keV   1,315E-02  7,183E-04  485,59 um    89,56 um    95,67 um  
   6,00 keV   1,372E-02  6,755E-04  518,95 um    92,23 um    99,65 um  
   6,50 keV   1,426E-02  6,381E-04  551,29 um    94,65 um   103,34 um  
   7,00 keV   1,477E-02  6,051E-04  582,69 um    96,85 um   106,77 um  
   8,00 keV   1,575E-02  5,493E-04  642,99 um   100,90 um   112,99 um  
   9,00 keV   1,666E-02  5,039E-04  700,36 um   104,36 um   118,49 um  
  10,00 keV   1,752E-02  4,662E-04  755,20 um   107,37 um   123,41 um  
  11,00 keV   1,833E-02  4,342E-04  807,83 um   110,02 um   127,86 um  
  12,00 keV   1,910E-02  4,067E-04  858,53 um   112,38 um   131,91 um  
  13,00 keV   1,983E-02  3,829E-04  907,49 um   114,50 um   135,63 um  
  14,00 keV   2,053E-02  3,619E-04  954,90 um   116,42 um   139,06 um  
  15,00 keV   2,120E-02  3,433E-04    1,00 mm   118,17 um   142,23 um  
  16,00 keV   2,184E-02  3,267E-04    1,05 mm   119,77 um   145,19 um  
  17,00 keV   2,246E-02  3,118E-04    1,09 mm   121,25 um   147,96 um  
  18,00 keV   2,305E-02  2,984E-04    1,13 mm   122,62 um   150,56 um  
  20,00 keV   2,418E-02  2,749E-04    1,21 mm   125,34 um   155,32 um  
  22,50 keV   2,548E-02  2,507E-04    1,31 mm   128,44 um   160,59 um  
  25,00 keV   2,667E-02  2,307E-04    1,41 mm   131,12 um   165,26 um  
  27,50 keV   2,778E-02  2,140E-04    1,50 mm   133,48 um   169,44 um  
  30,00 keV   2,880E-02  1,997E-04    1,58 mm   135,60 um   173,23 um  
  32,50 keV   2,975E-02  1,873E-04    1,67 mm   137,50 um   176,70 um  
  35,00 keV   3,063E-02  1,765E-04    1,75 mm   139,24 um   179,89 um  
  37,50 keV   3,146E-02  1,670E-04    1,83 mm   140,84 um   182,84 um  
  40,00 keV   3,222E-02  1,585E-04    1,90 mm   142,31 um   185,60 um  
  45,00 keV   3,360E-02  1,441E-04    2,05 mm   145,73 um   190,60 um  
  50,00 keV   3,480E-02  1,322E-04    2,20 mm   148,76 um   195,06 um  
  55,00 keV   3,584E-02  1,223E-04    2,34 mm   151,49 um   199,10 um  
  60,00 keV   3,673E-02  1,139E-04    2,48 mm   153,99 um   202,80 um  
  65,00 keV   3,750E-02  1,066E-04    2,61 mm   156,30 um   206,21 um  
  70,00 keV   3,816E-02  1,003E-04    2,74 mm   158,46 um   209,40 um  
  80,00 keV   3,918E-02  8,977E-05    3,00 mm   164,43 um   215,21 um  
  90,00 keV   3,986E-02  8,139E-05    3,25 mm   169,86 um   220,46 um  
 100,00 keV   4,028E-02  7,453E-05    3,50 mm   174,91 um   225,29 um  
 110,00 keV   4,048E-02  6,881E-05    3,74 mm   179,69 um   229,80 um  
 120,00 keV   4,049E-02  6,395E-05    3,99 mm   184,27 um   234,08 um  
 130,00 keV   4,035E-02  5,978E-05    4,24 mm   188,70 um   238,16 um  
 140,00 keV   4,010E-02  5,615E-05    4,48 mm   193,04 um   242,10 um  
 150,00 keV   3,974E-02  5,297E-05    4,73 mm   197,32 um   245,93 um  
 160,00 keV   3,931E-02  5,015E-05    4,99 mm   201,56 um   249,67 um  
 170,00 keV   3,882E-02  4,763E-05    5,24 mm   205,78 um   253,36 um  
 180,00 keV   3,829E-02  4,537E-05    5,50 mm   210,00 um   257,00 um  
 200,00 keV   3,713E-02  4,147E-05    6,03 mm   224,81 um   264,21 um  
 225,00 keV   3,558E-02  3,750E-05    6,72 mm   247,06 um   273,22 um  
 250,00 keV   3,403E-02  3,426E-05    7,43 mm   269,17 um   282,33 um  
 275,00 keV   3,251E-02  3,156E-05    8,18 mm   291,41 um   291,66 um  
 300,00 keV   3,107E-02  2,928E-05    8,97 mm   313,92 um   301,27 um  
 325,00 keV   2,971E-02  2,733E-05    9,79 mm   336,81 um   311,23 um  
 350,00 keV   2,843E-02  2,563E-05   10,65 mm   360,15 um   321,58 um  
 375,00 keV   2,725E-02  2,415E-05   11,55 mm   383,96 um   332,36 um  
 400,00 keV   2,616E-02  2,283E-05   12,48 mm   408,28 um   343,60 um  
 450,00 keV   2,420E-02  2,061E-05   14,47 mm   499,49 um   367,55 um  
 500,00 keV   2,252E-02  1,881E-05   16,61 mm   587,98 um   393,56 um  
 550,00 keV   2,107E-02  1,730E-05   18,90 mm   675,53 um   421,72 um  
 600,00 keV   1,981E-02  1,604E-05   21,35 mm   763,05 um   452,05 um  
 650,00 keV   1,870E-02  1,495E-05   23,94 mm   851,03 um   484,56 um  
 700,00 keV   1,773E-02  1,401E-05   26,68 mm   939,75 um   519,24 um  
 800,00 keV   1,609E-02  1,246E-05   32,60 mm     1,27 mm   594,98 um  
 900,00 keV   1,476E-02  1,124E-05   39,09 mm     1,57 mm   678,96 um  
   1,00 MeV   1,366E-02  1,024E-05   46,12 mm     1,87 mm   770,84 um  
   1,10 MeV   1,274E-02  9,413E-06   53,69 mm     2,16 mm   870,26 um  
   1,20 MeV   1,195E-02  8,716E-06   61,79 mm     2,46 mm   976,92 um  
   1,30 MeV   1,126E-02  8,119E-06   70,40 mm     2,75 mm     1,09 mm  
   1,40 MeV   1,066E-02  7,603E-06   79,52 mm     3,05 mm     1,21 mm  
   1,50 MeV   1,013E-02  7,152E-06   89,14 mm     3,35 mm     1,34 mm  
   1,60 MeV   9,655E-03  6,753E-06   99,24 mm     3,65 mm     1,47 mm  
   1,70 MeV   9,227E-03  6,399E-06  109,83 mm     3,96 mm     1,61 mm  
   1,80 MeV   8,839E-03  6,082E-06  120,89 mm     4,27 mm     1,76 mm  
   2,00 MeV   8,163E-03  5,537E-06  144,42 mm     5,44 mm     2,06 mm  
   2,25 MeV   7,471E-03  4,985E-06  176,41 mm     7,11 mm     2,48 mm  
   2,50 MeV   6,830E-03  4,537E-06  211,39 mm     8,69 mm     2,94 mm  
   2,75 MeV   6,341E-03  4,166E-06  249,36 mm    10,25 mm     3,43 mm  
   3,00 MeV   5,923E-03  3,854E-06  290,12 mm    11,80 mm     3,96 mm  
   3,25 MeV   5,562E-03  3,587E-06  333,65 mm    13,34 mm     4,52 mm  
   3,50 MeV   5,247E-03  3,356E-06  379,90 mm    14,90 mm     5,11 mm  
   3,75 MeV   4,969E-03  3,154E-06  428,83 mm    16,47 mm     5,74 mm  
   4,00 MeV   4,722E-03  2,977E-06  480,40 mm    18,06 mm     6,39 mm  
   4,50 MeV   4,302E-03  2,677E-06  591,29 mm    24,01 mm     7,80 mm  
   5,00 MeV   3,956E-03  2,435E-06  712,44 mm    29,59 mm     9,34 mm  
   5,50 MeV   3,666E-03  2,234E-06  843,67 mm    35,03 mm    10,99 mm  
   6,00 MeV   3,419E-03  2,066E-06  984,83 mm    40,42 mm    12,76 mm  
   6,50 MeV   3,206E-03  1,921E-06    1,14 m     45,83 mm    14,64 mm  
   7,00 MeV   3,019E-03  1,797E-06    1,30 m     51,27 mm    16,64 mm  
   8,00 MeV   2,709E-03  1,592E-06    1,65 m     71,45 mm    20,98 mm  
   9,00 MeV   2,462E-03  1,431E-06    2,03 m     90,25 mm    25,75 mm  
  10,00 MeV   2,258E-03  1,301E-06    2,46 m    108,62 mm    30,95 mm  
  11,00 MeV   2,088E-03  1,193E-06    2,92 m    126,92 mm    36,58 mm  
  12,00 MeV   1,944E-03  1,102E-06    3,41 m    145,33 mm    42,61 mm  
  13,00 MeV   1,820E-03  1,025E-06    3,94 m    163,95 mm    49,06 mm  
  14,00 MeV   1,712E-03  9,578E-07    4,51 m    182,84 mm    55,91 mm  
  15,00 MeV   1,617E-03  8,995E-07    5,11 m    202,02 mm    63,16 mm  
  16,00 MeV   1,532E-03  8,481E-07    5,75 m    221,50 mm    70,79 mm  
  17,00 MeV   1,457E-03  8,025E-07    6,42 m    241,31 mm    78,82 mm  
  18,00 MeV   1,390E-03  7,617E-07    7,12 m    261,44 mm    87,23 mm  
  20,00 MeV   1,273E-03  6,918E-07    8,62 m    337,90 mm   105,19 mm  
  22,50 MeV   1,154E-03  6,212E-07   10,68 m    447,52 mm   129,74 mm  
  25,00 MeV   1,057E-03  5,642E-07   12,95 m    551,42 mm   156,57 mm  
  27,50 MeV   9,761E-04  5,170E-07   15,41 m    653,38 mm   185,63 mm  
  30,00 MeV   9,077E-04  4,774E-07   18,06 m    755,04 mm   216,88 mm  
  32,50 MeV   8,490E-04  4,436E-07   20,91 m    857,24 mm   250,29 mm  
  35,00 MeV   7,980E-04  4,145E-07   23,94 m    960,46 mm   285,82 mm  
  37,50 MeV   7,534E-04  3,891E-07   27,17 m      1,06 m    323,43 mm  
  40,00 MeV   7,139E-04  3,667E-07   30,57 m      1,17 m    363,10 mm  
  45,00 MeV   6,471E-04  3,291E-07   37,93 m      1,57 m    448,54 mm  
  50,00 MeV   5,927E-04  2,987E-07   46,00 m      1,95 m    541,90 mm  
  55,00 MeV   5,476E-04  2,736E-07   54,77 m      2,31 m    642,99 mm  
  60,00 MeV   5,095E-04  2,525E-07   64,24 m      2,68 m    751,63 mm  
  65,00 MeV   4,769E-04  2,346E-07   74,38 m      3,04 m    867,65 mm  
  70,00 MeV   4,486E-04  2,191E-07   85,18 m      3,41 m    990,92 mm  
  80,00 MeV   4,019E-04  1,937E-07  108,73 m      4,78 m      1,26 m   
  90,00 MeV   3,651E-04  1,737E-07  134,83 m      6,05 m      1,55 m   
 100,00 MeV   3,351E-04  1,576E-07  163,41 m      7,29 m      1,88 m   
 110,00 MeV   3,103E-04  1,443E-07  194,41 m      8,52 m      2,22 m   
 120,00 MeV   2,894E-04  1,332E-07  227,77 m      9,75 m      2,59 m   
 130,00 MeV   2,715E-04  1,237E-07  263,44 m     10,99 m      2,99 m   
 140,00 MeV   2,561E-04  1,155E-07  301,35 m     12,25 m      3,41 m   
 150,00 MeV   2,425E-04  1,083E-07  341,46 m     13,51 m      3,85 m   
 160,00 MeV   2,306E-04  1,020E-07  383,73 m     14,80 m      4,31 m   
 170,00 MeV   2,200E-04  9,646E-08  428,10 m     16,09 m      4,80 m   
 180,00 MeV   2,106E-04  9,148E-08  474,54 m     17,40 m      5,30 m   
 200,00 MeV   1,943E-04  8,296E-08  573,39 m     22,36 m      6,37 m   
 225,00 MeV   1,779E-04  7,437E-08  707,81 m     29,40 m      7,82 m   
 250,00 MeV   1,646E-04  6,744E-08  853,85 m     35,98 m      9,38 m   
 275,00 MeV   1,537E-04  6,172E-08    1,01 km    42,35 m     11,04 m   
 300,00 MeV   1,445E-04  5,692E-08    1,18 km    48,60 m     12,80 m   
 325,00 MeV   1,366E-04  5,284E-08    1,36 km    54,79 m     14,65 m   
 350,00 MeV   1,299E-04  4,932E-08    1,54 km    60,94 m     16,59 m   
 375,00 MeV   1,240E-04  4,625E-08    1,74 km    67,07 m     18,61 m   
 400,00 MeV   1,188E-04  4,355E-08    1,95 km    73,19 m     20,71 m   
 450,00 MeV   1,102E-04  3,903E-08    2,38 km    95,92 m     25,12 m   
 500,00 MeV   1,032E-04  3,537E-08    2,85 km   116,74 m     29,79 m   
 550,00 MeV   9,753E-05  3,237E-08    3,35 km   136,50 m     34,68 m   
 600,00 MeV   9,277E-05  2,984E-08    3,88 km   155,57 m     39,78 m   
 650,00 MeV   8,874E-05  2,769E-08    4,43 km   174,15 m     45,06 m   
 700,00 MeV   8,529E-05  2,584E-08    5,00 km   192,34 m     50,50 m   
 800,00 MeV   7,970E-05  2,281E-08    6,21 km   258,00 m     61,79 m   
 900,00 MeV   7,539E-05  2,043E-08    7,50 km   316,27 m     73,52 m   
   1,00 GeV   7,197E-05  1,852E-08    8,86 km   370,27 m     85,59 m   
-----------------------------------------------------------
 Multiply Stopping by        for Stopping Units
 -------------------        ------------------
  1,0000E-01                 eV / Angstrom 
  1,0000E+00                keV / micron   
  1,0000E+00                MeV / mm       
  4,0389E+01                keV / (ug/cm2) 
  4,0389E+01                MeV / (mg/cm2) 
  4,0389E+04                keV / (mg/cm2) 
  1,7297E+02                 eV / (1E15 atoms/cm2)
  5,0405E+01                L.S.S. reduced units
 ==================================================================
 (C) 1984,1989,1992,1998,2008 by J.P. Biersack and J.F. Ziegler
