 ==================================================================
              SRIM version ---> SRIM-2013.00
              Calc. date   ---> xuño 11, 2024 
 ==================================================================

 Disk File Name = SRIM Outputs\3H_mixture_900mbar.txt

 Ion = Hydrogen [1] , Mass = 3,016049 amu

 Target Density =  2,4760E-04 g/cm3 = 5,7813E+19 atoms/cm3
 Target is a GAS 
 ======= Target  Composition ========
    Atom   Atom   Atomic    Mass     
    Name   Numb   Percent   Percent  
    ----   ----   -------   -------  
      H      1    019,23    010,45   
      C      6    007,69    049,82   
      H      1    073,08    039,73   
 ====================================
 Bragg Correction = -0,91%
 Stopping Units =  MeV / mm       
 See bottom of Table for other Stopping units 

        Ion        dE/dx      dE/dx     Projected  Longitudinal   Lateral
       Energy      Elec.      Nuclear     Range     Straggling   Straggling
  --------------  ---------- ---------- ----------  ----------  ----------
999,999 eV    4,608E-03  2,807E-03  111,91 um    35,90 um    29,49 um  
   1,10 keV   4,833E-03  2,677E-03  123,13 um    38,59 um    32,05 um  
   1,20 keV   5,048E-03  2,560E-03  134,28 um    41,16 um    34,54 um  
   1,30 keV   5,254E-03  2,455E-03  145,35 um    43,63 um    36,98 um  
   1,40 keV   5,452E-03  2,360E-03  156,34 um    45,99 um    39,35 um  
   1,50 keV   5,644E-03  2,273E-03  167,24 um    48,26 um    41,67 um  
   1,60 keV   5,829E-03  2,194E-03  178,05 um    50,43 um    43,92 um  
   1,70 keV   6,008E-03  2,121E-03  188,78 um    52,52 um    46,12 um  
   1,80 keV   6,182E-03  2,053E-03  199,40 um    54,54 um    48,27 um  
   2,00 keV   6,517E-03  1,932E-03  220,39 um    58,36 um    52,41 um  
   2,25 keV   6,912E-03  1,802E-03  246,09 um    62,77 um    57,32 um  
   2,50 keV   7,286E-03  1,691E-03  271,23 um    66,82 um    61,94 um  
   2,75 keV   7,642E-03  1,594E-03  295,82 um    70,55 um    66,31 um  
   3,00 keV   7,981E-03  1,510E-03  319,89 um    74,00 um    70,45 um  
   3,25 keV   8,307E-03  1,435E-03  343,46 um    77,19 um    74,38 um  
   3,50 keV   8,621E-03  1,369E-03  366,54 um    80,18 um    78,11 um  
   3,75 keV   8,924E-03  1,309E-03  389,17 um    82,96 um    81,66 um  
   4,00 keV   9,216E-03  1,255E-03  411,37 um    85,57 um    85,05 um  
   4,50 keV   9,775E-03  1,160E-03  454,56 um    90,41 um    91,39 um  
   5,00 keV   1,030E-02  1,081E-03  496,24 um    94,71 um    97,20 um  
   5,50 keV   1,081E-02  1,013E-03  536,56 um    98,58 um   102,57 um  
   6,00 keV   1,129E-02  9,538E-04  575,62 um   102,08 um   107,55 um  
   6,50 keV   1,173E-02  9,021E-04  613,57 um   105,26 um   112,19 um  
   7,00 keV   1,216E-02  8,564E-04  650,50 um   108,18 um   116,52 um  
   8,00 keV   1,297E-02  7,789E-04  721,62 um   113,55 um   124,43 um  
   9,00 keV   1,373E-02  7,157E-04  789,50 um   118,17 um   131,48 um  
  10,00 keV   1,444E-02  6,630E-04  854,53 um   122,22 um   137,83 um  
  11,00 keV   1,512E-02  6,182E-04  917,06 um   125,79 um   143,59 um  
  12,00 keV   1,577E-02  5,797E-04  977,36 um   128,98 um   148,86 um  
  13,00 keV   1,638E-02  5,462E-04    1,04 mm   131,86 um   153,71 um  
  14,00 keV   1,697E-02  5,167E-04    1,09 mm   134,47 um   158,19 um  
  15,00 keV   1,754E-02  4,906E-04    1,15 mm   136,85 um   162,35 um  
  16,00 keV   1,808E-02  4,672E-04    1,20 mm   139,03 um   166,24 um  
  17,00 keV   1,861E-02  4,461E-04    1,25 mm   141,05 um   169,88 um  
  18,00 keV   1,912E-02  4,271E-04    1,30 mm   142,91 um   173,30 um  
  20,00 keV   2,009E-02  3,939E-04    1,40 mm   146,58 um   179,57 um  
  22,50 keV   2,122E-02  3,597E-04    1,52 mm   150,73 um   186,52 um  
  25,00 keV   2,228E-02  3,313E-04    1,63 mm   154,31 um   192,68 um  
  27,50 keV   2,327E-02  3,075E-04    1,74 mm   157,46 um   198,20 um  
  30,00 keV   2,420E-02  2,871E-04    1,84 mm   160,26 um   203,19 um  
  32,50 keV   2,508E-02  2,695E-04    1,94 mm   162,77 um   207,74 um  
  35,00 keV   2,591E-02  2,541E-04    2,03 mm   165,05 um   211,92 um  
  37,50 keV   2,670E-02  2,405E-04    2,13 mm   167,13 um   215,78 um  
  40,00 keV   2,744E-02  2,284E-04    2,22 mm   169,04 um   219,37 um  
  45,00 keV   2,882E-02  2,078E-04    2,39 mm   173,33 um   225,85 um  
  50,00 keV   3,008E-02  1,909E-04    2,56 mm   177,07 um   231,58 um  
  55,00 keV   3,122E-02  1,767E-04    2,72 mm   180,40 um   236,72 um  
  60,00 keV   3,225E-02  1,646E-04    2,88 mm   183,39 um   241,38 um  
  65,00 keV   3,319E-02  1,542E-04    3,03 mm   186,13 um   245,65 um  
  70,00 keV   3,405E-02  1,451E-04    3,18 mm   188,64 um   249,58 um  
  80,00 keV   3,553E-02  1,300E-04    3,46 mm   195,22 um   256,65 um  
  90,00 keV   3,676E-02  1,179E-04    3,73 mm   201,03 um   262,88 um  
 100,00 keV   3,775E-02  1,080E-04    4,00 mm   206,27 um   268,49 um  
 110,00 keV   3,856E-02  9,980E-05    4,26 mm   211,09 um   273,60 um  
 120,00 keV   3,919E-02  9,280E-05    4,52 mm   215,57 um   278,33 um  
 130,00 keV   3,968E-02  8,678E-05    4,77 mm   219,79 um   282,74 um  
 140,00 keV   4,004E-02  8,155E-05    5,02 mm   223,81 um   286,89 um  
 150,00 keV   4,029E-02  7,695E-05    5,27 mm   227,67 um   290,83 um  
 160,00 keV   4,044E-02  7,287E-05    5,51 mm   231,39 um   294,59 um  
 170,00 keV   4,050E-02  6,923E-05    5,76 mm   235,01 um   298,21 um  
 180,00 keV   4,049E-02  6,596E-05    6,01 mm   238,54 um   301,70 um  
 200,00 keV   4,027E-02  6,032E-05    6,50 mm   250,33 um   308,39 um  
 225,00 keV   3,973E-02  5,457E-05    7,12 mm   267,42 um   316,35 um  
 250,00 keV   3,898E-02  4,988E-05    7,76 mm   283,91 um   324,01 um  
 275,00 keV   3,808E-02  4,597E-05    8,41 mm   300,09 um   331,51 um  
 300,00 keV   3,710E-02  4,267E-05    9,07 mm   316,14 um   338,91 um  
 325,00 keV   3,607E-02  3,983E-05    9,75 mm   332,20 um   346,30 um  
 350,00 keV   3,503E-02  3,737E-05   10,45 mm   348,36 um   353,73 um  
 375,00 keV   3,400E-02  3,521E-05   11,18 mm   364,70 um   361,23 um  
 400,00 keV   3,298E-02  3,330E-05   11,92 mm   381,27 um   368,85 um  
 450,00 keV   3,103E-02  3,008E-05   13,48 mm   443,57 um   384,55 um  
 500,00 keV   2,923E-02  2,745E-05   15,14 mm   504,66 um   401,00 um  
 550,00 keV   2,760E-02  2,527E-05   16,90 mm   565,50 um   418,35 um  
 600,00 keV   2,612E-02  2,342E-05   18,76 mm   626,63 um   436,68 um  
 650,00 keV   2,478E-02  2,185E-05   20,72 mm   688,36 um   456,07 um  
 700,00 keV   2,358E-02  2,048E-05   22,79 mm   750,87 um   476,58 um  
 800,00 keV   2,150E-02  1,822E-05   27,23 mm   984,16 um   521,10 um  
 900,00 keV   1,978E-02  1,643E-05   32,08 mm     1,20 mm   570,41 um  
   1,00 MeV   1,833E-02  1,498E-05   37,32 mm     1,42 mm   624,54 um  
   1,10 MeV   1,711E-02  1,377E-05   42,96 mm     1,64 mm   683,46 um  
   1,20 MeV   1,606E-02  1,276E-05   48,99 mm     1,85 mm   747,07 um  
   1,30 MeV   1,515E-02  1,189E-05   55,40 mm     2,07 mm   815,25 um  
   1,40 MeV   1,435E-02  1,113E-05   62,17 mm     2,28 mm   887,86 um  
   1,50 MeV   1,364E-02  1,047E-05   69,31 mm     2,50 mm   964,78 um  
   1,60 MeV   1,301E-02  9,891E-06   76,81 mm     2,73 mm     1,05 mm  
   1,70 MeV   1,244E-02  9,373E-06   84,67 mm     2,95 mm     1,13 mm  
   1,80 MeV   1,193E-02  8,910E-06   92,87 mm     3,18 mm     1,22 mm  
   2,00 MeV   1,104E-02  8,114E-06  110,29 mm     4,04 mm     1,41 mm  
   2,25 MeV   1,011E-02  7,307E-06  133,93 mm     5,26 mm     1,67 mm  
   2,50 MeV   9,350E-03  6,652E-06  159,63 mm     6,41 mm     1,95 mm  
   2,75 MeV   8,704E-03  6,109E-06  187,33 mm     7,54 mm     2,25 mm  
   3,00 MeV   8,150E-03  5,653E-06  216,99 mm     8,65 mm     2,57 mm  
   3,25 MeV   7,687E-03  5,262E-06  248,56 mm     9,75 mm     2,91 mm  
   3,50 MeV   7,228E-03  4,924E-06  282,08 mm    10,87 mm     3,27 mm  
   3,75 MeV   6,819E-03  4,629E-06  317,67 mm    12,00 mm     3,65 mm  
   4,00 MeV   6,485E-03  4,369E-06  355,24 mm    13,15 mm     4,06 mm  
   4,50 MeV   5,913E-03  3,930E-06  435,95 mm    17,47 mm     4,92 mm  
   5,00 MeV   5,443E-03  3,575E-06  524,04 mm    21,51 mm     5,85 mm  
   5,50 MeV   5,050E-03  3,281E-06  619,37 mm    25,44 mm     6,86 mm  
   6,00 MeV   4,714E-03  3,034E-06  721,80 mm    29,34 mm     7,94 mm  
   6,50 MeV   4,425E-03  2,823E-06  831,22 mm    33,23 mm     9,09 mm  
   7,00 MeV   4,172E-03  2,640E-06  947,54 mm    37,15 mm    10,31 mm  
   8,00 MeV   3,751E-03  2,340E-06    1,20 m     51,69 mm    12,94 mm  
   9,00 MeV   3,413E-03  2,104E-06    1,48 m     65,20 mm    15,83 mm  
  10,00 MeV   3,135E-03  1,912E-06    1,79 m     78,37 mm    18,98 mm  
  11,00 MeV   2,903E-03  1,754E-06    2,12 m     91,48 mm    22,38 mm  
  12,00 MeV   2,705E-03  1,621E-06    2,47 m    104,65 mm    26,02 mm  
  13,00 MeV   2,534E-03  1,507E-06    2,86 m    117,95 mm    29,90 mm  
  14,00 MeV   2,385E-03  1,409E-06    3,26 m    131,42 mm    34,02 mm  
  15,00 MeV   2,254E-03  1,323E-06    3,69 m    145,09 mm    38,38 mm  
  16,00 MeV   2,138E-03  1,248E-06    4,15 m    158,98 mm    42,97 mm  
  17,00 MeV   2,034E-03  1,181E-06    4,63 m    173,08 mm    47,79 mm  
  18,00 MeV   1,941E-03  1,121E-06    5,13 m    187,40 mm    52,83 mm  
  20,00 MeV   1,779E-03  1,018E-06    6,21 m    241,94 mm    63,59 mm  
  22,50 MeV   1,614E-03  9,145E-07    7,68 m    320,12 mm    78,29 mm  
  25,00 MeV   1,479E-03  8,306E-07    9,30 m    394,18 mm    94,33 mm  
  27,50 MeV   1,366E-03  7,613E-07   11,06 m    466,81 mm   111,69 mm  
  30,00 MeV   1,271E-03  7,031E-07   12,95 m    539,20 mm   130,36 mm  
  32,50 MeV   1,189E-03  6,534E-07   14,99 m    611,96 mm   150,31 mm  
  35,00 MeV   1,118E-03  6,105E-07   17,16 m    685,43 mm   171,51 mm  
  37,50 MeV   1,055E-03  5,731E-07   19,46 m    759,79 mm   193,96 mm  
  40,00 MeV   9,997E-04  5,402E-07   21,89 m    835,18 mm   217,64 mm  
  45,00 MeV   9,061E-04  4,849E-07   27,14 m      1,12 m    268,64 mm  
  50,00 MeV   8,297E-04  4,401E-07   32,91 m      1,39 m    324,37 mm  
  55,00 MeV   7,663E-04  4,032E-07   39,18 m      1,65 m    384,75 mm  
  60,00 MeV   7,126E-04  3,722E-07   45,94 m      1,91 m    449,67 mm  
  65,00 MeV   6,666E-04  3,458E-07   53,20 m      2,17 m    519,06 mm  
  70,00 MeV   6,267E-04  3,230E-07   60,93 m      2,43 m    592,83 mm  
  80,00 MeV   5,608E-04  2,856E-07   77,80 m      3,41 m    753,27 mm  
  90,00 MeV   5,086E-04  2,562E-07   96,52 m      4,33 m    930,45 mm  
 100,00 MeV   4,662E-04  2,325E-07  117,05 m      5,22 m      1,12 m   
 110,00 MeV   4,310E-04  2,129E-07  139,36 m      6,10 m      1,33 m   
 120,00 MeV   4,012E-04  1,965E-07  163,40 m      6,99 m      1,56 m   
 130,00 MeV   3,758E-04  1,825E-07  189,14 m      7,89 m      1,80 m   
 140,00 MeV   3,538E-04  1,704E-07  216,56 m      8,80 m      2,05 m   
 150,00 MeV   3,345E-04  1,598E-07  245,62 m      9,73 m      2,32 m   
 160,00 MeV   3,176E-04  1,506E-07  276,29 m     10,66 m      2,60 m   
 170,00 MeV   3,024E-04  1,423E-07  308,55 m     11,61 m      2,90 m   
 180,00 MeV   2,889E-04  1,350E-07  342,37 m     12,57 m      3,21 m   
 200,00 MeV   2,657E-04  1,224E-07  414,55 m     16,21 m      3,87 m   
 225,00 MeV   2,421E-04  1,098E-07  513,10 m     21,41 m      4,76 m   
 250,00 MeV   2,231E-04  9,956E-08  620,66 m     26,30 m      5,73 m   
 275,00 MeV   2,073E-04  9,113E-08  736,90 m     31,04 m      6,77 m   
 300,00 MeV   1,940E-04  8,405E-08  861,53 m     35,73 m      7,88 m   
 325,00 MeV   1,827E-04  7,803E-08  994,29 m     40,40 m      9,06 m   
 350,00 MeV   1,729E-04  7,283E-08    1,13 km    45,07 m     10,30 m   
 375,00 MeV   1,644E-04  6,831E-08    1,28 km    49,75 m     11,60 m   
 400,00 MeV   1,569E-04  6,432E-08    1,44 km    54,45 m     12,95 m   
 450,00 MeV   1,443E-04  5,765E-08    1,77 km    72,02 m     15,83 m   
 500,00 MeV   1,341E-04  5,226E-08    2,13 km    88,24 m     18,91 m   
 550,00 MeV   1,257E-04  4,782E-08    2,52 km   103,78 m     22,17 m   
 600,00 MeV   1,187E-04  4,409E-08    2,92 km   118,93 m     25,61 m   
 650,00 MeV   1,127E-04  4,092E-08    3,36 km   133,82 m     29,20 m   
 700,00 MeV   1,076E-04  3,819E-08    3,81 km   148,54 m     32,95 m   
 800,00 MeV   9,919E-05  3,371E-08    4,78 km   202,21 m     40,83 m   
 900,00 MeV   9,266E-05  3,020E-08    5,82 km   250,50 m     49,18 m   
   1,00 GeV   8,743E-05  2,737E-08    6,93 km   295,90 m     57,92 m   
-----------------------------------------------------------
 Multiply Stopping by        for Stopping Units
 -------------------        ------------------
  1,0000E-01                 eV / Angstrom 
  1,0000E+00                keV / micron   
  1,0000E+00                MeV / mm       
  4,0389E+01                keV / (ug/cm2) 
  4,0389E+01                MeV / (mg/cm2) 
  4,0389E+04                keV / (mg/cm2) 
  1,7297E+02                 eV / (1E15 atoms/cm2)
  4,1013E+01                L.S.S. reduced units
 ==================================================================
 (C) 1984,1989,1992,1998,2008 by J.P. Biersack and J.F. Ziegler
